v 320390 -121749025 38664497
v 316341 -121747102 38664373
v 316344 -121747173 38663004
v 319804 -121749340 38663052
v 320366 -121750243 38663072
v 320803 -121752478 38659505
v 320802 -121753986 38655741
v 316255 -121759719 38641438
v 320801 -121764698 38629015
v 319084 -121766718 38623976
v 316966 -121766774 38619805
v 319085 -121766973 38612605
v 319089 -121767073 38603305
v 319187 -121767265 38593169
v 319180 -121767373 38591005
v 319186 -121767425 38588337
v 319185 -121767673 38575506
v 319197 -121767673 38573906
v 319199 -121767698 38568773
v 319198 -121767873 38564406
v 319201 -121767873 38561406
v 319202 -121767873 38558006
v 319210 -121767973 38554006
v 319211 -121768073 38551006
v 319533 -121767973 38549806
v 319535 -121768073 38547506
v 319536 -121768073 38546906
v 319539 -121768173 38544806
v 319541 -121768173 38544006
v 319542 -121768073 38539624
v 319549 -121768073 38539606
v 319550 -121768073 38538606
v 319551 -121768073 38537306
v 319554 -121768173 38536506
v 319555 -121768173 38535906
v 319556 -121768173 38534906
v 319557 -121768173 38534506
v 319558 -121768272 38531922
v 277872 -121768372 38531106
v 277871 -121768448 38527890
v 277873 -121768480 38526290
v 277886 -121768720 38521218
v 277885 -121770832 38519266
v 277887 -121772016 38518146
v 277888 -121772656 38517570
v 277861 -121781585 38509250
v 277862 -121782593 38508259
v 277865 -121785800 38505284
v 277860 -121789889 38501491
v 277624 -121795808 38496096
v 277623 -121800049 38492131
v 277608 -121803466 38489058
v 277607 -121803857 38488707
v 277611 -121805009 38487875
v 277208 -121812065 38482339
v 277209 -121820465 38475667
v 277231 -121821616 38474753
v 277217 -121822338 38474179
v 277216 -121823314 38473411
v 277220 -121823856 38473038
v 277211 -121824648 38472434
v 277210 -121830774 38467407
v 280729 -121833571 38465203
v 277212 -121836709 38462732
v 277134 -121837374 38462208
v 277133 -121839788 38460229
v 277096 -121840330 38459842
v 277093 -121840781 38459544
v 280497 -121841339 38459133
v 277094 -121842826 38458001
v 277086 -121843074 38457808
v 277085 -121843674 38457308
v 277105 -121844635 38456592
v 277075 -121849574 38452908
v 277076 -121855374 38448208
v 277320 -121857274 38446808
v 274193 -121858401 38445914
v 274190 -121858526 38445806
v 274192 -121858818 38445573
v 274191 -121859283 38445202
v 278803 -121861377 38443806
v 278802 -121862932 38442627
v 274198 -121868748 38438092
v 274197 -121872575 38435108
v 278441 -121887175 38423931
v 278427 -121893475 38419109
v 278410 -121894475 38418409
v 278409 -121896785 38416652
v 278414 -121896958 38416548
v 278406 -121897375 38416309
v 278405 -121901075 38413609
v 278374 -121913275 38404109
v 278373 -121913875 38403609
v 278372 -121915578 38402300
v 278370 -121916476 38401609
v 278369 -121916876 38401309
v 278371 -121930876 38390409
v 278506 -121932792 38388971
v 278507 -121933669 38388358
v 278488 -121935020 38387301
v 278487 -121936876 38385909
v 274234 -121951376 38375310
v 274233 -121953576 38373610
v 274254 -121955503 38371763
v 274231 -121955976 38371310
v 274249 -121958576 38369210
v 273689 -121960776 38367410
v 273678 -121964077 38364910
v 273677 -121964544 38364556
v 279156 -121965520 38363907
v 281222 -121966238 38363465
v 273684 -121967708 38362561
v 273683 -121968742 38361925
v 273668 -121969875 38361131
v 273631 -121976677 38356010
v 273630 -121978077 38354610
v 273622 -121978277 38354410
v 281221 -121979779 38353645
v 273639 -121981889 38352571
v 273614 -121983777 38351610
v 273520 -121985262 38351052
v 273506 -121985577 38350910
v 273505 -121987533 38350147
v 273499 -121989050 38349551
v 273090 -121993777 38347710
v 273089 -121995844 38346920
v 273757 -121997177 38346410
v 273751 -121997891 38346093
v 273750 -122000772 38344851
v 273747 -122001677 38344510
v 273738 -122006578 38342810
v 273737 -122010387 38341621
v 273077 -122011378 38341311
v 273065 -122014940 38338933
v 273064 -122016378 38336911
v 273063 -122016578 38336511
v 273059 -122016978 38335811
v 273087 -122017443 38335105
v 273080 -122018216 38333932
v 273079 -122018478 38333511
v 273078 -122021778 38328411
v 273081 -122022878 38326711
v 273050 -122023877 38325176
v 273051 -122024978 38323711
v 273053 -122025678 38323011
v 280470 -122031927 38315379
v 273099 -122032459 38313961
v 273098 -122032778 38313111
v 273102 -122033502 38308747
v 273101 -122033778 38305512
v 273105 -122033778 38301514
v 273104 -122033778 38298912
v 273112 -122033778 38296912
v 275259 -122033839 38296472
v 275255 -122033977 38295112
v 274779 -122034048 38292897
v 274740 -122041077 38283412
v 274739 -122047878 38275613
v 274747 -122048827 38274464
v 274746 -122049778 38273313
v 279306 -122050288 38272714
v 274705 -122050778 38272140
v 274704 -122052078 38270613
v 274894 -122052378 38270313
v 274893 -122053278 38269413
v 274895 -122053916 38268645
v 274879 -122060678 38260513
v 272655 -122062678 38258113
v 281220 -122063663 38257128
v 272657 -122064401 38256390
v 272656 -122064978 38255813
v 272651 -122066578 38253713
v 272640 -122068951 38250493
v 272639 -122069678 38249714
v 272629 -122072178 38248114
v 272470 -122076378 38246814
v 272469 -122077078 38246614
v 272456 -122084278 38243514
v 272724 -122087278 38242214
v 272726 -122089178 38241314
v 281224 -122090106 38240911
v 272718 -122095248 38238675
v 272717 -122096078 38238314
v 272713 -122097892 38237519
v 272712 -122112279 38231215
v 279227 -122113267 38230762
v 280500 -122113823 38230507
v 280502 -122116302 38229371
v 280501 -122117629 38228763
v 272702 -122119317 38227989
v 272309 -122124279 38225715
v 272308 -122125579 38224815
v 272294 -122127379 38223715
v 272291 -122128679 38222815
v 272286 -122131779 38220815
v 272285 -122132679 38220115
v 272330 -122134979 38218515
v 272318 -122136008 38217493
v 272317 -122136592 38216947
v 272326 -122136846 38216711
v 272320 -122137693 38216062
v 272322 -122137686 38215117
v 272321 -122137679 38214115
v 272336 -122137639 38213318
v 272338 -122137619 38212050
v 272337 -122137679 38210115
v 272349 -122137679 38209815
v 272351 -122137699 38209660
v 272350 -122137866 38205019
v 280731 -122137856 38202146
v 272380 -122137469 38191346
v 272379 -122137431 38190284
v 272901 -122135478 38185116
v 272902 -122134178 38182816
v 272905 -122132678 38180016
v 272909 -122127118 38171507
v 272915 -122118078 38160817
v 272916 -122117078 38159641
v 272920 -122112117 38150701
v 272921 -122111237 38148429
v 272924 -122110389 38146573
v 272926 -122110101 38145933
v 272927 -122109333 38142237
v 272936 -122109350 38142115
v 269839 -122106885 38124910
v 269840 -122106101 38117150
v 269847 -122106213 38114590
v 269848 -122106261 38112174
v 269843 -122103312 38101835
v 269844 -122103446 38100422
v 269854 -122105981 38092812
v 271185 -122110932 38087055
v 271118 -122112476 38085119
v 271186 -122112840 38084755
v 271121 -122113876 38083719
v 271106 -122128277 38067719
v 271109 -122130155 38065315
v 271101 -122130777 38064520
v 271141 -122131128 38062219
v 271140 -122130576 38052320
v 271174 -122130634 38050773
v 271173 -122130528 38048078
v 271175 -122129776 38046620
v 271176 -122129476 38046220
v 271178 -122128918 38045602
v 271180 -122128776 38045420
v 271182 -122128330 38044850
v 271181 -122126976 38043120
v 271183 -122124228 38039877
v 43587 -122121976 38037220
v 43588 -122119376 38033920
v 43589 -122118076 38031020
v 43590 -122113206 38026439
v 44010 -122111576 38025521
v 44023 -122111175 38025421
v 44027 -122108810 38024403
v 44029 -122108136 38024099
v 44030 -122106324 38023282
v 44034 -122096975 38018221
v 44035 -122092995 38014633
v 44164 -122090573 38012436
v 44165 -122088875 38010821
v 44170 -122085475 38007921
v 44207 -122084674 38007221
v 44208 -122083074 38005821
v 44210 -122082574 38005321
v 44211 -122078274 38001521
v 44220 -122076524 38000008
v 70595 -122075550 37999165
v 50747 -122074574 37998321
v 50748 -122072274 37996421
v 50752 -122070256 37994566
v 50765 -122069992 37994318
v 50767 -122069674 37993821
v 50770 -122068874 37992221
v 50771 -122068650 37991768
v 50772 -122068174 37990421
v 50782 -122066974 37985322
v 52410 -122066693 37984253
v 52448 -122066474 37983422
v 52450 -122066074 37981722
v 52452 -122065103 37979338
v 52455 -122064974 37979022
v 52456 -122064398 37977835
v 52485 -122063574 37976522
v 52487 -122062674 37975322
v 52489 -122061245 37973336
v 57144 -122056773 37967122
v 57145 -122056143 37966256
v 57146 -122055973 37966022
v 41025 -122055934 37965885
v 41026 -122055773 37965322
v 57153 -122053873 37961222
v 57445 -122052773 37958922
v 57450 -122054973 37954322
v 57461 -122055273 37953322
v 57462 -122056973 37949522
v 57500 -122058373 37946023
v 57501 -122058773 37945123
v 57510 -122060374 37941423
v 57513 -122060474 37940823
v 57514 -122060471 37937988
v 58748 -122060274 37934023
v 58754 -122060474 37933323
v 58756 -122060274 37933023
v 58757 -122060374 37931523
v 58774 -122060284 37930263
v 58776 -122060274 37930123
v 58777 -122060874 37926323
v 58787 -122061074 37923623
v 54120 -122061874 37921823
v 54121 -122061949 37921223
v 70597 -122062198 37920623
v 70598 -122062495 37920093
v 54152 -122063374 37918523
v 54153 -122063961 37917723
v 54135 -122064474 37917023
v 54142 -122065329 37916011
v 54141 -122065649 37915650
v 54143 -122066574 37914023
v 54145 -122066786 37913323
v 54405 -122067574 37910724
v 54389 -122069174 37906924
v 54385 -122069574 37905324
v 54391 -122070474 37901824
v 54398 -122070574 37901224
v 54395 -122070674 37900924
v 54397 -122070745 37900151
v 54469 -122070797 37899513
v 54470 -122070874 37898824
v 54471 -122070639 37897172
v 54476 -122070344 37896444
v 54477 -122068964 37895196
v 54483 -122068279 37894732
v 54303 -122066610 37893737
v 54304 -122066074 37893424
v 54568 -122065509 37893189
v 54580 -122064874 37892924
v 54581 -122064168 37892446
v 54584 -122063328 37892128
v 54586 -122062273 37891724
v 54592 -122061600 37891438
v 59395 -122060773 37890924
v 59401 -122060142 37890552
v 59407 -122059673 37890224
v 59409 -122057473 37888324
v 59423 -122056173 37886924
v 64521 -122054973 37885524
v 64554 -122052373 37882224
v 64565 -122051873 37881724
v 64574 -122050846 37880771
v 64590 -122050161 37880167
v 64591 -122049806 37879890
v 64595 -122049173 37879424
v 64598 -122049043 37879327
v 64657 -122047773 37878124
v 64660 -122045058 37875324
v 64728 -122044373 37874424
v 64729 -122043773 37873624
v 64730 -122043402 37873200
v 64749 -122042373 37872024
v 64750 -122041673 37870925
v 64751 -122040873 37869825
v 64754 -122039638 37868281
v 64774 -122036389 37864328
v 64773 -122035288 37863366
v 65006 -122034099 37862450
v 65008 -122033573 37861650
v 65154 -122030472 37856325
v 65164 -122030372 37856225
v 65165 -122029472 37854725
v 65203 -122029080 37853876
v 65205 -122028635 37852025
v 65206 -122028506 37851492
v 65214 -122028427 37851244
v 65216 -122027772 37848725
v 65267 -122025372 37845425
v 65279 -122020974 37842540
v 76324 -122018035 37840612
v 72679 -122017496 37840259
v 65392 -122016072 37839325
v 65393 -122011874 37836544
v 65861 -122009172 37834925
v 65863 -122005471 37832325
v 65870 -122001871 37830025
v 65898 -122001371 37829625
v 65899 -122000571 37829025
v 65915 -121999271 37828325
v 65924 -121995655 37825625
v 65930 -121994571 37824326
v 66084 -121993799 37822907
v 66135 -121993735 37822466
v 66141 -121993571 37821326
v 66142 -121993471 37819226
v 66145 -121993431 37817830
v 70608 -121993413 37817202
v 65983 -121993487 37815807
v 66157 -121993471 37815226
v 66158 -121993459 37813956
v 66166 -121993353 37813107
v 66167 -121993239 37811832
v 66171 -121993193 37811483
v 66172 -121993148 37811160
v 66245 -121992736 37809838
v 66253 -121992571 37809526
v 66254 -121990814 37806195
v 43611 -121988803 37802383
v 43612 -121987771 37800426
v 66320 -121984029 37793999
v 62690 -121983856 37793703
v 62691 -121983171 37792526
v 66632 -121979741 37786271
v 67031 -121977470 37782127
v 43012 -121976570 37780427
v 43013 -121976258 37779857
v 67043 -121974863 37777294
v 67046 -121973170 37773527
v 67047 -121972170 37771527
v 67254 -121964970 37759927
v 67287 -121961618 37754689
v 70577 -121959376 37751187
v 70578 -121959190 37750897
v 67825 -121956970 37747428
v 67826 -121955790 37745629
v 67988 -121950669 37737828
v 67989 -121950072 37736813
v 67992 -121942069 37725629
v 68340 -121941675 37725160
v 19471 -121940269 37723429
v 19470 -121938869 37721829
v 19476 -121937490 37720122
v 19475 -121936769 37719229
v 33812 -121934979 37717036
v 33814 -121933208 37714866
v 19526 -121933096 37714729
v 19525 -121930730 37711829
v 19447 -121930264 37711258
v 19437 -121929669 37710529
v 19626 -121925369 37705629
v 19660 -121923919 37703849
v 19967 -121923400 37702893
v 19974 -121923157 37702350
v 19185 -121922927 37701702
v 19184 -121922843 37701470
v 20073 -121922744 37701222
v 20072 -121922609 37700969
v 20071 -121922515 37700710
v 19709 -121921600 37698370
v 19704 -121920469 37695630
v 19699 -121918469 37690430
v 20093 -121917268 37687332
v 20092 -121913468 37677530
v 20173 -121912968 37676330
v 30591 -121912337 37674612
v 30590 -121911168 37671431
v 30582 -121910869 37670450
v 30583 -121910630 37669665
v 37870 -121910561 37669438
v 37867 -121910213 37668311
v 37868 -121910171 37668176
v 37882 -121909783 37666926
v 37883 -121909592 37666311
v 39212 -121909332 37665474
v 39211 -121908722 37664352
v 38432 -121907831 37662812
v 25299 -121907668 37662531
v 25298 -121906968 37661331
v 30802 -121902988 37657536
v 30803 -121902010 37656656
v 30797 -121901879 37656542
v 30796 -121901768 37656431
v 30795 -121900468 37655231
v 31003 -121891768 37647331
v 31002 -121891568 37647131
v 31017 -121891268 37646931
v 31018 -121888468 37644331
v 31039 -121887672 37643513
v 31028 -121887170 37643019
v 31027 -121885683 37641138
v 31026 -121885068 37639832
v 31033 -121884929 37639482
v 31035 -121884532 37638116
v 31034 -121884168 37636532
v 31125 -121879216 37623539
v 31059 -121871967 37604633
v 31057 -121871667 37603733
v 31056 -121871467 37600933
v 31433 -121872005 37592593
v 31450 -121871803 37592359
v 31267 -121870967 37591533
v 31449 -121869667 37592433
v 31448 -121869067 37592933
v 31432 -121864167 37595033
v 31431 -121860367 37596533
v 31430 -121856967 37597933
v 31415 -121846566 37602233
v 31414 -121843366 37603233
v 31413 -121837066 37605232
v 31412 -121818766 37614132
v 31411 -121812421 37620067
v 38947 -121809867 37622456
v 33524 -121804002 37627942
v 32871 -121803265 37628631
v 32870 -121803116 37628583
v 32869 -121796788 37626533
v 32426 -121796165 37626331
v 32425 -121785864 37626031
v 33175 -121785064 37623131
v 32886 -121783564 37621031
v 32883 -121751263 37601232
v 33164 -121751363 37603132
v 308 -121746078 37607578
