v 225019 -74084306 41226719
v 224979 -74085787 41228094
v 224978 -74088787 41231294
v 225016 -74084887 41234094
v 225017 -74073387 41238293
v 225018 -74070208 41238210
v 225022 -74067813 41238248
v 225023 -74065585 41238607
v 225024 -74062426 41239492
v 225030 -74052586 41248193
v 225032 -74047686 41249993
v 225039 -74046986 41250293
v 225040 -74041886 41249293
v 225043 -74039786 41248693
v 225044 -74037886 41248293
v 225046 -74028886 41239194
v 225439 -74029488 41238534
v 225440 -74030986 41236894
v 225437 -74031986 41236494
v 225438 -74033486 41235194
v 225444 -74034086 41234594
v 225058 -74034886 41233494
v 225059 -74034186 41222494
v 225456 -74033786 41221694
v 225459 -74033486 41220294
v 225460 -74033086 41218794
v 225464 -74032486 41217994
v 225465 -74034685 41202494
v 225251 -74034885 41202394
v 225252 -74034949 41202201
v 234278 -74036978 41195708
v 234407 -74037305 41193283
v 234408 -74037323 41193112
v 234397 -74037345 41192910
v 234398 -74037501 41191796
v 234256 -74037692 41190423
v 225337 -74037885 41188994
v 225328 -74038085 41188494
v 225326 -74037985 41187594
v 225329 -74037985 41186394
v 225333 -74037985 41186094
v 225334 -74037985 41185594
v 225335 -74037985 41184794
v 225336 -74034485 41174294
v 225982 -74033585 41172894
v 225983 -74032685 41171894
v 225986 -74032085 41170995
v 225993 -74030585 41169295
v 226000 -74025785 41150695
v 228957 -74025085 41148795
v 228959 -74024485 41147595
v 228961 -74023585 41146095
v 228965 -74022484 41144395
v 228974 -74017684 41137695
v 229259 -74017415 41137073
v 234420 -74016955 41136009
v 229252 -74015883 41132903
v 229253 -74015560 41131150
v 234421 -74015437 41130482
v 234331 -74014000 41127428
v 234332 -74013509 41126713
v 229371 -74009784 41122895
v 229372 -74008384 41121995
v 229744 -74007484 41121295
v 229752 -74006884 41120795
v 229753 -74005884 41119995
v 229773 -74001643 41113675
v 234380 -74001366 41112844
v 230473 -73999083 41108995
v 230474 -73996483 41106195
v 230478 -73996383 41106095
v 230553 -73995383 41105095
v 230554 -73995083 41104795
v 230555 -73993183 41102496
v 230556 -73992683 41101696
v 230560 -73991983 41101596
v 230562 -73990383 41101496
v 230563 -73987473 41101205
v 230580 -73987383 41101196
v 230581 -73986165 41101085
v 234393 -73978939 41100962
v 231670 -73972682 41100896
v 231671 -73965182 41100596
v 231770 -73963882 41100696
v 231771 -73956382 41100596
v 231885 -73951282 41099696
v 231904 -73949621 41099162
v 234394 -73949103 41098996
v 231908 -73948482 41098796
v 231980 -73942131 41097203
v 234395 -73941533 41097026
v 231989 -73940637 41096761
v 234436 -73938734 41096211
v 231960 -73938106 41096032
v 232017 -73937281 41095796
v 232018 -73936703 41095668
v 232022 -73936381 41095596
v 232024 -73934981 41095196
v 232026 -73933081 41094296
v 232043 -73932181 41093796
v 233150 -73931281 41093296
v 233151 -73930881 41092896
v 233153 -73929081 41091096
v 233168 -73927981 41089776
v 233173 -73927581 41089296
v 233177 -73927072 41088419
v 233362 -73924681 41084296
v 233363 -73923881 41083096
v 233369 -73923281 41082296
v 233371 -73921981 41079696
v 233398 -73921881 41079596
v 233400 -73921281 41078096
v 233413 -73920481 41076196
v 233420 -73920181 41075296
v 233423 -73920042 41075130
v 233427 -73919681 41074696
v 233429 -73919581 41074196
v 233430 -73894680 41069796
v 239208 -73867579 41067596
v 240019 -73867379 41067396
v 240020 -73864779 41065096
v 240033 -73864279 41064443
v 263715 -73864002 41064080
v 240037 -73862679 41062796
v 240039 -73861879 41062296
v 240079 -73861479 41062196
v 240078 -73860679 41061796
v 240583 -73858679 41061096
v 240604 -73858379 41060996
v 240605 -73858037 41060983
v 261435 -73857513 41060964
v 240987 -73855679 41060896
v 240988 -73854979 41060896
v 240989 -73854079 41060840
v 261433 -73853822 41060824
v 240217 -73853379 41060796
v 240993 -73850079 41060696
v 241009 -73844678 41060596
v 241048 -73840814 41059128
v 241102 -73839915 41058670
v 241101 -73838235 41057625
v 241113 -73833566 41057969
v 241119 -73832116 41058716
v 244637 -73829678 41059196
v 244635 -73828778 41059396
v 263393 -73827888 41059630
v 244641 -73827178 41059596
v 244642 -73826178 41059596
v 244643 -73824678 41059496
v 244645 -73824585 41059496
v 244664 -73824278 41059496
v 244646 -73823621 41059384
v 244648 -73821378 41059196
v 244677 -73820178 41058996
v 244695 -73819812 41058996
v 244696 -73819778 41058996
v 244697 -73818978 41058896
v 244700 -73818270 41058719
v 244830 -73816878 41058496
v 244818 -73816478 41059096
v 244833 -73815519 41059111
v 244840 -73815452 41059280
v 244841 -73814978 41060296
v 244845 -73814818 41060644
v 261330 -73814521 41061172
v 261331 -73813993 41062457
v 243394 -73813669 41062455
v 243392 -73812845 41062501
v 243400 -73811985 41062547
v 243402 -73811852 41062554
v 243403 -73810921 41062638
v 243405 -73810148 41062679
v 243410 -73809302 41062767
v 243408 -73809227 41062775
v 243409 -73808408 41062773
v 261223 -73807305 41062859
v 261405 -73806754 41064365
v 243704 -73803566 41071496
v 243705 -73802269 41073716
v 243686 -73801873 41074273
v 243706 -73801354 41073975
v 243691 -73799889 41073319
v 243713 -73798836 41073212
v 243709 -73798319 41073140
v 243710 -73797249 41072991
v 243736 -73795774 41072815
v 243737 -73795082 41072732
v 243741 -73782585 41070649
v 243801 -73781349 41070420
v 243803 -73780770 41069291
v 243804 -73780663 41069329
v 243806 -73780083 41069901
v 243796 -73777870 41072480
v 244486 -73777291 41072877
v 244512 -73774436 41072960
v 244513 -73773338 41072877
v 244520 -73772910 41072732
v 244523 -73772743 41072968
v 244519 -73772620 41073174
v 244524 -73771522 41072526
v 244537 -73769721 41070702
v 244538 -73769477 41070847
v 244540 -73768729 41070473
v 244551 -73767951 41070214
v 244555 -73767570 41069965
v 244589 -73763330 41073175
v 244592 -73762321 41072930
v 244581 -73761680 41073937
v 244582 -73760712 41075272
v 244579 -73757484 41082604
v 244615 -73747886 41091225
v 258312 -73746772 41091660
v 258313 -73745429 41092240
v 258314 -73739493 41099175
v 258330 -73736319 41098107
v 258332 -73728720 41095650
v 259691 -73725317 41095955
v 259692 -73719748 41089722
v 259696 -73716989 41086940
v 4436 -73716875 41087596
v 4412 -73716675 41087896
v 4425 -73716274 41087396
v 4423 -73711830 41090064
v 4426 -73705674 41091496
v 4427 -73704474 41094696
v 4420 -73703874 41094896
v 4430 -73703274 41095096
v 4428 -73703074 41095896
v 4429 -73702174 41095796
v 4456 -73700174 41095996
v 4463 -73695274 41096396
v 4461 -73694574 41096396
v 4464 -73689273 41096196
v 4467 -73688073 41091296
v 4480 -73679073 41089296
v 4482 -73678581 41089952
v 4481 -73676773 41091496
v 4617 -73668073 41092796
v 4640 -73655572 41093496
v 4638 -73654872 41093596
v 4639 -73651472 41095496
v 4699 -73648872 41096796
v 4701 -73648472 41095696
v 4723 -73637071 41097696
v 4724 -73635471 41097096
v 4725 -73633171 41095396
v 4730 -73632771 41095096
v 4733 -73632171 41094596
v 4735 -73631471 41094096
v 4739 -73630671 41093496
v 4502 -73627124 41090909
v 4503 -73625871 41089996
v 181 -73621571 41089896
v 202 -73612070 41092696
v 196 -73603470 41097296
v 295 -73599370 41099296
v 294 -73591970 41100896
v 297 -73588669 41100696
v 343 -73585669 41100696
v 320 -73582169 41100596
v 342 -73581469 41099296
v 345 -73581166 41098813
v 347 -73580649 41098622
v 349 -73575269 41096596
v 364 -73574869 41096296
v 365 -73574669 41095996
v 366 -73573869 41094696
v 659 -73571425 41092496
v 660 -73570369 41092096
v 663 -73563368 41089996
v 677 -73558868 41088296
v 755 -73555968 41085096
v 901 -73555068 41084196
v 906 -73554568 41083796
v 924 -73554568 41083496
v 925 -73554160 41082960
v 927 -73553568 41082196
v 919 -73553047 41082300
v 930 -73552268 41083996
v 923 -73552068 41084296
v 935 -73550968 41084396
v 936 -73549768 41084196
v 941 -73548068 41083596
v 1230 -73548068 41082396
v 1231 -73546168 41081896
v 1235 -73543567 41081596
v 1240 -73543183 41082224
v 1241 -73542067 41082396
v 1269 -73539467 41082096
v 1277 -73538367 41082396
v 1273 -73536967 41082496
v 1276 -73535367 41082596
v 1356 -73534167 41082596
v 1357 -73532967 41082396
v 1358 -73532967 41083196
v 1363 -73531567 41083296
