v 194411 -106935970 38551547
v 194410 -106936116 38550815
v 194424 -106936116 38549739
v 194432 -106936174 38548595
v 194445 -106936203 38547405
v 194457 -106936203 38546444
v 194477 -106936232 38545300
v 194507 -106936232 38544179
v 194509 -106935526 38544190
v 194508 -106934834 38544201
v 194510 -106934376 38544201
v 191942 -106933552 38544201
v 191941 -106932739 38544201
v 189215 -106932211 38544201
v 189214 -106931585 38544190
v 194511 -106930930 38544178
v 192536 -106929618 38544178
v 192393 -106928978 38544167
v 189484 -106928249 38544155
v 189218 -106927684 38544155
v 194512 -106927025 38544155
v 194514 -106926234 38544155
v 194513 -106925656 38544155
v 194515 -106924947 38544168
v 191217 -106924403 38544178
v 191188 -106923613 38544164
v 191302 -106923063 38544155
v 191301 -106922452 38544155
v 194516 -106921839 38544155
v 194517 -106919333 38544154
v 194518 -106917818 38544131
v 195120 -106916544 38544134
v 194520 -106914762 38544140
v 194519 -106897363 38544195
v 190146 -106893975 38544193
v 190145 -106891982 38544192
v 194522 -106890138 38544192
v 195094 -106888679 38544183
v 194525 -106888227 38544180
v 194524 -106885883 38544168
v 194779 -106883451 38544150
v 194526 -106879852 38543822
v 194527 -106870369 38544455
v 195201 -106861667 38544464
v 195160 -106859029 38543236
v 195159 -106856156 38540050
v 195197 -106855317 38539230
v 191829 -106854328 38538263
v 191828 -106853532 38537647
v 191827 -106846825 38536693
v 191826 -106840819 38535492
v 195163 -106835597 38533110
v 195162 -106825008 38531064
v 195165 -106824331 38530869
v 195164 -106823813 38530721
v 195172 -106820276 38529246
v 195170 -106814025 38526076
v 195174 -106810201 38524544
v 195173 -106809888 38524429
v 195176 -106800158 38523879
v 195180 -106799817 38523866
v 195178 -106798964 38523833
v 195181 -106785157 38523030
v 195183 -106777487 38521159
v 195182 -106771467 38519593
v 195185 -106768904 38518860
v 191714 -106762558 38516603
v 195187 -106761810 38516316
v 192676 -106755073 38513728
v 192675 -106752904 38512960
v 195267 -106730493 38505081
v 191823 -106728598 38502908
v 191822 -106728285 38502337
v 195293 -106727882 38501798
v 191584 -106727474 38501252
v 191583 -106725659 38499314
v 191585 -106725105 38498971
v 191605 -106702065 38491026
v 191603 -106697380 38489321
v 191607 -106695942 38489065
v 191606 -106695167 38489069
v 191625 -106661046 38475451
v 191628 -106657059 38473619
v 191640 -106648877 38470029
v 191639 -106647978 38469634
v 191649 -106642358 38467120
v 191648 -106639073 38465650
v 191651 -106629587 38461458
v 191766 -106621792 38457657
v 191769 -106618881 38456514
v 191770 -106618211 38456217
v 191775 -106616393 38455473
v 191773 -106609565 38452673
v 191778 -106608750 38452445
v 191781 -106604558 38450799
v 191784 -106604185 38450657
v 191782 -106601706 38449838
v 191792 -106588025 38443778
v 191800 -106560788 38437580
v 191804 -106542864 38434900
v 191838 -106536576 38432135
v 191815 -106532199 38429573
v 191813 -106526429 38426085
v 191849 -106525058 38424428
v 389900 -106523668 38420226
v 389979 -106516492 38415415
v 390009 -106499329 38406434
v 390008 -106464751 38395671
v 390020 -106464158 38395509
v 390012 -106452767 38389539
v 390010 -106423425 38395331
v 389998 -106422289 38403044
v 390000 -106422168 38403217
v 389990 -106415366 38407185
v 389991 -106411672 38413557
v 389984 -106408904 38420367
v 389981 -106408642 38420871
v 389982 -106408106 38421971
v 389980 -106406546 38423594
v 191935 -106406255 38423826
v 191880 -106384396 38437616
v 191878 -106383639 38438234
v 191902 -106378376 38440017
v 191910 -106334498 38474084
v 191947 -106338837 38485566
v 191939 -106325226 38496173
v 66473 -106325644 38496970
v 66474 -106331351 38497889
v 69248 -106327846 38504309
v 69249 -106325778 38507576
v 69271 -106328779 38513238
v 69272 -106328765 38513686
v 69237 -106325694 38528753
v 69238 -106323468 38531721
v 69266 -106319233 38538286
v 69230 -106317828 38539419
v 69224 -106315439 38541205
v 69223 -106312437 38543310
v 69220 -106311738 38543585
v 69221 -106309118 38545521
v 69309 -106305483 38547612
v 69256 -106296789 38552041
v 69257 -106296090 38552342
v 69290 -106295169 38552520
v 69295 -106293871 38552579
v 69294 -106292898 38552712
v 69308 -106290375 38552066
v 69305 -106290170 38551961
v 69304 -106289412 38551572
v 69260 -106289350 38551560
v 69259 -106288070 38551317
v 69278 -106287369 38551155
v 69263 -106284640 38550413
v 69262 -106273462 38549812
v 69215 -106263927 38549948
v 69214 -106262338 38549893
v 69319 -106260129 38549973
v 69320 -106251552 38549319
v 69217 -106250659 38549010
v 69216 -106250577 38548982
v 69562 -106244974 38545259
v 69416 -106244061 38544590
v 69415 -106242455 38543389
v 69503 -106225509 38540751
v 69502 -106224893 38540661
v 69419 -106217306 38541797
v 69417 -106217042 38541888
v 70778 -106202803 38542041
v 69421 -106201014 38541914
v 69420 -106200898 38541845
v 69422 -106190289 38540656
v 69424 -106189298 38540198
v 69435 -106186588 38538642
v 69444 -106185634 38538136
v 69443 -106179391 38536719
v 69445 -106175049 38536421
v 69510 -106171357 38536175
v 69449 -106170667 38536151
v 69448 -106160100 38536029
v 69528 -106155776 38536053
v 69527 -106140018 38531857
v 69569 -106136345 38530470
v 69568 -106136055 38530353
v 69515 -106134257 38529624
v 69514 -106133557 38529340
v 69460 -106133357 38529259
v 69459 -106127674 38527114
v 69923 -106121722 38525213
v 69956 -106115398 38523545
v 69958 -106112600 38522906
v 70268 -106105599 38521619
v 69972 -106105097 38521607
v 69971 -106101208 38521514
v 69974 -106098809 38521505
v 69973 -106089350 38521471
v 70191 -106086328 38521451
v 70282 -106084825 38521441
v 70192 -106083749 38521434
v 69976 -106082905 38521429
v 69975 -106082561 38521427
v 69966 -106081862 38521747
v 69960 -106080551 38522709
v 69954 -106079735 38523533
v 69955 -106079614 38524342
v 70193 -106079578 38529278
v 70262 -106079561 38531700
v 69815 -106079534 38535573
v 69816 -106079508 38542202
v 69762 -106079507 38542645
v 69752 -106079478 38543698
v 69753 -106079464 38544550
v 69734 -106079420 38547223
v 67300 -106079427 38547618
v 67301 -106079436 38548084
v 70256 -106082620 38552763
v 71041 -106083058 38554637
v 71042 -106082824 38555783
v 71079 -106082274 38557739
v 69677 -106081406 38560933
v 69678 -106079824 38569582
v 69485 -106079893 38569974
v 69664 -106081469 38577481
v 69659 -106081732 38578626
v 69660 -106082656 38582870
v 70150 -106082907 38584023
v 69649 -106083688 38587392
v 69650 -106083841 38588099
v 70141 -106084522 38594352
v 69642 -106084187 38596958
v 69643 -106083210 38600130
v 69638 -106083080 38600552
v 69640 -106081917 38605657
v 69621 -106081215 38608448
v 69614 -106079642 38615590
v 69610 -106078826 38618428
v 69608 -106078709 38618886
v 69609 -106078645 38619137
v 70131 -106078592 38619349
v 70130 -106077655 38623067
v 69606 -106077485 38624105
v 69607 -106077347 38624946
v 69147 -106077621 38627662
v 69148 -106078053 38629035
v 69116 -106079732 38633953
v 69117 -106080537 38635521
v 69110 -106082388 38638851
v 69111 -106082535 38639517
v 69145 -106082721 38640359
v 69108 -106082797 38640705
v 69105 -106083236 38643154
v 69103 -106083382 38644046
v 69104 -106084698 38650258
v 69142 -106088963 38665128
v 69138 -106089205 38665899
v 69135 -106089574 38667071
v 69082 -106091215 38672701
v 69076 -106091887 38675195
v 69073 -106092093 38677690
v 69067 -106092122 38678972
v 69068 -106092118 38679042
v 69063 -106092036 38681054
v 69064 -106092021 38681305
v 69057 -106091949 38682588
v 69058 -106091945 38682640
v 69055 -106091833 38684236
v 69056 -106090991 38688391
v 69051 -106090055 38693872
v 69053 -106090056 38696570
v 69038 -106091346 38708108
v 69039 -106091775 38709798
v 69129 -106091785 38710742
v 69184 -106089020 38715133
v 69185 -106088508 38715768
v 69025 -106085685 38722964
v 69026 -106085614 38735149
v 69010 -106084842 38737727
v 69007 -106083879 38740016
v 69008 -106083594 38740296
v 69123 -106082887 38741760
v 68984 -106081718 38744182
v 68972 -106081075 38746036
v 68595 -106082127 38754102
v 68591 -106085665 38757763
v 68592 -106091056 38762491
v 67335 -106091286 38762669
v 67334 -106092467 38763480
v 68182 -106095981 38765755
v 68574 -106096074 38765817
v 68570 -106096191 38765909
v 68575 -106101971 38769527
v 70697 -106104106 38771051
v 68634 -106104202 38771160
v 68635 -106105202 38772301
v 70698 -106105954 38773606
v 70699 -106106920 38776290
v 68629 -106108186 38778905
v 68556 -106108596 38779248
v 68557 -106109766 38780140
v 68628 -106113699 38790416
v 68527 -106114074 38794739
v 68528 -106114061 38795435
v 68625 -106114020 38797718
v 70621 -106113999 38801307
v 68622 -106114347 38803907
v 68623 -106115728 38808049
v 68512 -106116191 38809730
v 68514 -106114815 38810074
v 68644 -106113850 38810358
v 68503 -106109670 38811587
v 68501 -106108939 38811816
v 68502 -106104245 38813215
v 68621 -106103728 38813369
v 68633 -106103426 38813459
v 68489 -106103177 38813534
v 68490 -106100495 38814321
v 68485 -106099580 38814589
v 68487 -106097889 38815058
v 68479 -106092705 38815643
v 68478 -106091359 38815300
v 68482 -106085332 38814913
v 68471 -106079658 38816722
v 68472 -106079312 38816827
v 68614 -106063511 38820915
v 68615 -106061400 38821629
v 68613 -106058726 38822657
v 68430 -106054351 38825260
v 68428 -106052069 38826404
v 67505 -106046100 38826701
v 68424 -106023036 38834485
v 68419 -106022659 38834821
v 68421 -106013027 38840901
v 68408 -106012355 38841180
v 68410 -106010686 38841568
v 68411 -105999922 38841069
v 66660 -105986191 38858186
v 66659 -105986221 38858781
v 66654 -105984915 38874580
v 66641 -105980928 38907088
v 66642 -105980363 38907275
v 66644 -105975214 38910133
v 343759 -105968449 38920661
v 343760 -105966861 38929172
v 343744 -105963419 38947098
v 343746 -105962703 38950736
v 343738 -105962162 38953484
v 343740 -105962124 38953693
v 343736 -105960494 38962662
v 343737 -105958674 38978354
v 343802 -105959024 38983267
v 343710 -105959182 38985618
v 342272 -105963819 39000735
v 342271 -105969690 39008584
v 342270 -105974978 39025175
v 342268 -105974979 39025861
v 342269 -105974697 39032925
v 342267 -105974602 39034696
v 342234 -105974340 39037923
v 342224 -105975994 39056026
v 342264 -105974328 39070469
v 342265 -105974204 39071993
v 342263 -105978917 39085205
v 342262 -105986382 39093831
v 342260 -105990239 39105295
v 342261 -105990734 39107933
v 342258 -105991773 39114060
v 342259 -105991909 39114703
v 342300 -105993417 39123146
v 340948 -105994781 39130484
v 340963 -105999179 39153550
v 340964 -106002068 39168382
v 346890 -106001324 39172758
v 341073 -106000149 39177564
v 341039 -105998839 39182966
v 340965 -105998502 39184379
v 340966 -105998097 39186227
v 348529 -105996651 39192999
v 340967 -105996218 39195800
v 340968 -105995165 39203101
v 340969 -105994903 39206168
v 340913 -105994757 39208182
v 340980 -105994623 39210350
v 340981 -105994554 39211478
v 340982 -105994321 39214773
v 340983 -105994289 39215071
v 340984 -105994176 39216170
v 340985 -105994176 39216670
v 340986 -105994176 39216787
v 340987 -105993998 39219120
v 341025 -105993862 39220428
v 340970 -105993650 39221296
v 340971 -105993004 39222464
v 340895 -105992855 39222670
v 340972 -105991945 39224043
v 341087 -105991248 39225104
v 347764 -105991032 39225433
v 348603 -105990200 39226700
v 349100 -105988912 39228663
v 340973 -105988684 39229011
v 340974 -105988298 39229580
v 341022 -105986740 39231882
v 340975 -105986126 39232789
v 340976 -105985408 39233894
v 340977 -105978803 39238833
v 340978 -105973682 39242173
v 341020 -105967266 39246357
v 340979 -105964063 39249090
v 340251 -105963503 39252724
v 340250 -105956854 39267006
v 340248 -105956471 39267785
v 340249 -105955009 39269435
v 340246 -105946433 39276322
v 340247 -105944863 39276303
v 340244 -105927235 39276986
v 340245 -105925491 39277330
v 340268 -105922620 39277896
v 340242 -105921668 39278084
v 340243 -105914159 39283584
v 340241 -105913568 39284765
v 340239 -105907352 39290965
v 340240 -105903572 39294490
v 340269 -105902426 39295558
v 340238 -105902372 39295610
v 340236 -105901547 39296296
v 340237 -105895196 39300334
v 340235 -105894003 39301626
v 340233 -105885660 39311441
v 340234 -105884817 39312396
v 340231 -105881561 39316085
v 340232 -105870509 39328763
v 340486 -105867862 39331820
v 340480 -105867103 39332457
v 340481 -105866699 39332795
v 340319 -105852708 39340351
v 340415 -105852505 39340451
v 340414 -105845725 39343809
v 340412 -105843043 39345160
v 340413 -105842708 39345324
v 340482 -105831776 39350711
v 340410 -105822737 39355165
v 340411 -105818875 39357568
v 340308 -105814954 39362672
v 340408 -105814276 39363885
v 340409 -105806967 39371641
v 339739 -105802716 39375291
v 339675 -105801978 39375825
v 339671 -105800504 39377221
v 339685 -105800209 39377518
v 339669 -105799943 39377701
v 339684 -105799422 39378152
v 339683 -105798911 39378594
v 339681 -105787080 39391568
v 339682 -105782982 39398312
v 339730 -105780795 39401910
v 339731 -105754664 39404269
v 346674 -105755477 39406846
v 339661 -105758159 39412500
v 339680 -105762435 39417137
v 339729 -105760678 39432171
v 339679 -105759825 39432778
v 339678 -105758556 39433532
v 339676 -105757906 39433898
v 339677 -105752184 39438440
v 339757 -105751625 39438987
v 339758 -105747763 39442093
v 339799 -105747184 39442200
v 339800 -105745828 39442452
v 339801 -105732540 39448856
v 339695 -105725099 39455013
v 339696 -105722849 39456393
v 339796 -105722131 39456549
v 339786 -105721540 39456678
v 339813 -105721154 39456714
v 339828 -105681127 39461131
v 339794 -105664084 39459916
v 339783 -105663646 39459869
v 339782 -105662729 39459770
v 339830 -105659293 39458663
v 339832 -105648383 39455921
v 339834 -105646763 39455739
v 339833 -105642655 39455279
v 339798 -105640686 39454790
v 339797 -105640505 39454726
v 339807 -105638526 39453586
v 339785 -105636987 39452049
v 339784 -105633833 39449096
v 339841 -105632523 39448941
v 340121 -105629954 39448739
v 340106 -105615946 39446446
v 340105 -105613938 39445915
v 339913 -105611296 39444035
v 339912 -105609576 39443332
v 339914 -105607383 39442309
v 339887 -105603495 39441617
v 348627 -105594647 39437657
v 340092 -105593913 39437405
v 340091 -105593457 39437249
v 340088 -105588465 39435327
v 340086 -105581584 39433093
v 339975 -105579859 39432646
v 339974 -105579151 39432415
v 339917 -105572660 39429335
v 339891 -105566037 39427343
v 339976 -105565447 39427059
v 339919 -105564809 39426814
v 339918 -105563381 39426176
v 340079 -105561901 39425638
v 340054 -105560154 39424931
v 340053 -105558286 39424175
v 339921 -105557008 39423658
v 339920 -105556417 39423338
v 339923 -105554732 39422252
v 339922 -105550929 39420019
v 348690 -105550533 39419891
v 339925 -105550052 39419626
v 339924 -105549808 39419492
v 339899 -105546031 39419217
v 339926 -105543189 39419792
v 339971 -105538299 39420875
v 348972 -105526542 39418192
v 348045 -105526236 39417778
v 339928 -105525921 39417289
v 339927 -105519478 39414176
v 340143 -105513511 39413425
v 339930 -105502942 39411302
v 339929 -105501511 39410804
v 339931 -105496360 39410551
v 347253 -105494560 39410851
v 347254 -105491274 39407433
v 347257 -105487340 39407110
v 347263 -105481046 39406885
v 347262 -105478346 39406323
v 347282 -105476555 39405689
v 347288 -105476255 39405689
v 347291 -105475227 39405463
v 347298 -105474202 39405685
v 347294 -105474454 39407789
v 347295 -105474311 39408989
v 347296 -105473864 39410434
v 347273 -105474300 39415525
v 347277 -105474199 39415891
v 347276 -105473797 39417176
v 347274 -105472553 39422029
v 347371 -105469539 39425657
v 347370 -105469292 39426754
v 347375 -105468236 39429249
v 347374 -105468166 39429379
v 347380 -105465614 39433526
v 347381 -105463954 39435489
v 347382 -105463239 39435745
v 347367 -105459054 39436789
v 347401 -105455454 39437491
v 340213 -105454048 39437898
v 347402 -105450756 39439790
v 340037 -105450362 39440052
v 347403 -105448814 39441000
v 347405 -105447533 39441849
v 347436 -105446135 39442844
v 347437 -105445656 39443234
v 347438 -105444700 39444095
v 347429 -105443373 39445126
v 347427 -105439933 39452283
v 347423 -105437805 39454968
v 347424 -105437626 39455270
v 347425 -105437552 39455346
v 347426 -105436912 39455250
v 347431 -105425354 39452144
v 347435 -105425168 39452112
v 347828 -105424436 39452035
v 347433 -105421935 39453186
v 347515 -105418118 39455794
v 340048 -105416352 39457388
v 347516 -105411703 39458687
v 347518 -105411616 39458721
v 347517 -105409952 39460888
v 347509 -105409528 39461155
v 347520 -105408350 39461521
v 347521 -105405958 39462181
v 347522 -105400477 39462405
v 347523 -105400120 39462542
v 208449 -105398552 39463488
v 208450 -105398152 39463788
v 208422 -105397327 39464770
v 208407 -105396151 39465888
v 208406 -105395251 39466088
v 208405 -105394251 39466288
v 208415 -105391505 39466999
v 208477 -105390599 39467127
v 208562 -105389608 39466901
v 208561 -105386051 39466088
v 208560 -105379551 39468588
v 208559 -105377557 39469851
v 208558 -105377024 39470206
v 208557 -105375551 39471188
v 208556 -105373644 39476495
v 208554 -105372116 39477033
v 208391 -105370151 39479388
v 208369 -105367824 39479642
v 208370 -105363597 39483985
v 208378 -105360355 39487038
v 208379 -105354602 39489535
v 208380 -105345230 39492157
v 208381 -105338240 39495702
v 208382 -105336466 39496134
v 206478 -105333846 39498163
v 206477 -105333214 39499026
v 208645 -105332738 39499596
v 208646 -105331190 39500725
v 208710 -105328399 39501519
v 208711 -105327240 39501673
v 208708 -105325162 39501755
v 208668 -105324913 39501766
v 208667 -105324417 39501812
v 208702 -105321435 39502607
v 208698 -105310080 39507535
v 208872 -105306386 39512132
v 208635 -105306148 39514088
v 208082 -105305552 39515211
v 208081 -105305075 39518154
v 208116 -105305595 39519951
v 208117 -105305948 39520688
v 208125 -105306278 39522978
v 208124 -105306903 39525259
v 208123 -105304518 39531927
v 208122 -105304448 39533388
v 208119 -105303779 39535480
v 208118 -105302857 39537018
v 208153 -105301280 39538068
v 208152 -105297360 39540963
v 207832 -105294983 39542317
v 207831 -105291271 39542795
v 207830 -105282847 39543888
v 208067 -105270747 39546288
v 208068 -105266145 39548020
v 208069 -105264667 39548473
v 208070 -105263347 39548588
v 208071 -105259046 39546988
v 208064 -105258646 39546888
v 219746 -105254946 39548888
v 219747 -105248246 39550988
v 219759 -105247246 39551788
v 219758 -105246729 39552305
v 219757 -105245146 39553888
v 228703 -105239746 39556688
v 219665 -105239446 39558788
v 219659 -105238646 39567188
v 219658 -105238822 39575760
v 208223 -105237352 39576688
v 208224 -105231478 39580655
v 208039 -105230218 39581459
v 208038 -105228157 39582684
v 208037 -105221820 39586227
v 208036 -105222345 39591388
v 219739 -105222745 39592288
v 219738 -105226145 39598387
v 219741 -105228377 39601310
v 219058 -105229045 39602087
v 219057 -105229513 39605643
v 219059 -105231045 39611887
v 228744 -105232145 39615887
v 230020 -105230071 39616924
v 230013 -105228345 39619387
v 230012 -105227015 39619765
v 229413 -105223845 39618087
v 227923 -105221445 39618687
v 227922 -105220153 39618701
v 229412 -105218492 39618072
v 231325 -105201760 39620523
v 231324 -105194544 39622787
v 231314 -105194044 39623087
v 219853 -105193867 39623220
v 219852 -105192844 39623987
v 219472 -105188885 39625800
v 219471 -105178843 39628587
v 219491 -105174843 39631887
v 219510 -105174043 39632287
v 226841 -105172343 39633487
v 226840 -105169143 39635687
v 229100 -105168843 39635987
v 219528 -105168598 39636131
v 219529 -105167143 39636987
v 219486 -105167543 39637387
v 219484 -105167743 39637587
v 219485 -105179995 39646612
v 226845 -105180233 39646948
v 226846 -105181104 39648176
v 230328 -105181194 39648303
v 226831 -105182743 39650487
v 226830 -105183106 39651521
v 226833 -105183130 39651626
v 226832 -105183191 39651899
v 226835 -105183315 39652538
v 226839 -105183353 39652723
v 226822 -105183365 39652780
v 226821 -105183516 39654204
v 226820 -105183720 39656260
v 226825 -105182955 39660230
v 226819 -105184108 39661660
v 219453 -105186469 39666963
v 219452 -105189443 39676587
v 226817 -105189363 39678624
v 210799 -105189295 39679078
v 210798 -105188451 39681903
v 219621 -105188286 39687163
v 226203 -105187835 39692819
v 226204 -105192169 39708766
v 228970 -105192266 39709331
v 219165 -105192284 39709777
v 219166 -105192445 39710754
v 219167 -105192845 39711332
v 219112 -105194166 39712409
v 219113 -105192669 39714293
v 226936 -105192263 39714680
v 226934 -105191154 39716109
v 209876 -105189884 39717680
v 209875 -105187989 39719520
v 209877 -105187633 39719835
v 226698 -105185134 39721477
v 219212 -105184434 39721945
v 219155 -105183842 39722342
v 219154 -105180435 39724446
v 219153 -105179743 39724887
v 219196 -105178977 39725332
v 219223 -105178542 39725587
v 219228 -105177867 39726122
v 219200 -105177247 39726547
v 219198 -105176333 39727179
v 219229 -105175419 39727756
v 219265 -105174842 39728087
v 210790 -105174029 39728616
v 210784 -105170476 39730838
v 210783 -105170501 39731546
v 226705 -105170149 39731714
v 226706 -105168943 39732126
v 210715 -105168381 39732667
v 210714 -105168349 39732698
v 210792 -105166582 39734107
v 210757 -105165109 39735239
v 210756 -105162659 39737085
v 219003 -105159132 39739912
v 210646 -105155319 39743025
v 210645 -105152710 39745379
v 210644 -105151558 39746418
v 214685 -105150889 39747344
v 214676 -105145270 39754594
v 214675 -105144067 39756841
v 214667 -105144021 39756962
v 214666 -105143949 39757164
v 214635 -105143700 39757906
v 214526 -105143064 39761860
v 214527 -105143119 39765126
v 214528 -105143143 39767643
v 214529 -105143196 39772715
v 214508 -105143204 39773318
v 214509 -105143190 39773927
v 214541 -105143150 39775706
v 214539 -105142794 39776700
v 214540 -105142749 39776783
v 231194 -105142640 39776941
v 231193 -105142558 39777088
v 231195 -105141695 39778012
v 231196 -105141432 39778219
v 231197 -105141229 39778385
v 214535 -105140923 39778568
v 214536 -105140804 39778646
v 214537 -105140454 39778803
v 214538 -105139341 39779286
v 214569 -105137885 39779817
v 214285 -105137271 39780001
v 214283 -105135535 39780658
v 214265 -105134467 39781089
v 214264 -105130847 39782364
v 214279 -105129241 39782986
v 214278 -105127741 39783386
v 214310 -105126262 39783711
v 214314 -105121117 39784206
v 214396 -105114297 39784220
v 214424 -105112808 39784233
v 214437 -105109541 39784233
v 216084 -105106089 39784129
v 216085 -105100209 39783699
v 216157 -105094091 39783706
v 216147 -105090781 39783810
v 216896 -105087134 39784496
v 231298 -105086610 39784618
v 226486 -105086114 39784735
v 216858 -105084337 39785153
v 216857 -105082535 39785337
v 226479 -105082981 39785487
v 216856 -105081400 39785904
v 216891 -105081434 39786841
v 216887 -105079929 39785946
v 226485 -105081367 39785148
v 226483 -105080142 39785205
v 226482 -105079525 39785212
v 226484 -105075052 39785734
v 230957 -105072895 39785259
v 216902 -105072722 39785184
v 216901 -105072177 39784948
v 216870 -105070038 39784105
v 216869 -105062611 39783356
v 217077 -105060238 39783486
v 217092 -105054338 39783386
v 218616 -105053775 39783498
v 97517 -105053552 39783543
v 97515 -105053338 39783586
v 97602 -105052023 39783972
v 97571 -105050738 39784486
v 97570 -105043938 39783486
v 97618 -105034638 39783586
v 97684 -105032638 39783386
v 97683 -105027807 39784222
v 97682 -105027437 39784286
v 97723 -105025260 39784097
v 97694 -105024678 39783989
v 97693 -105022937 39783686
v 97759 -105018289 39783417
v 97758 -105016037 39783286
v 97777 -105011437 39783286
v 97778 -105008937 39783086
v 99344 -105006637 39783086
v 99348 -105003937 39783686
v 99351 -105002074 39783597
v 99350 -104999737 39782986
v 99349 -104998336 39782586
v 99360 -104998036 39782486
v 99417 -104997563 39782336
v 99416 -104997324 39782294
v 99449 -104995902 39781964
v 111069 -104994997 39781538
v 111067 -104991048 39780591
v 111068 -104990347 39780430
v 99894 -104989658 39780290
v 99895 -104988683 39780153
v 111072 -104988353 39780113
v 99893 -104988264 39780102
v 99443 -104987320 39779976
v 99444 -104987016 39779950
v 99892 -104986742 39779939
v 99896 -104985986 39779889
v 100474 -104985936 39779886
v 99905 -104981436 39779886
v 99901 -104980936 39779886
v 99902 -104979336 39779886
v 100471 -104977986 39779886
v 99543 -104976636 39779886
v 99544 -104975636 39779886
v 99554 -104971502 39780284
v 99553 -104970733 39780274
v 99551 -104970129 39780275
v 99576 -104969235 39780286
v 99577 -104967871 39780280
v 99580 -104966835 39780286
v 100647 -104965820 39780239
v 99597 -104964873 39780251
v 99606 -104964342 39780221
v 99605 -104963835 39780186
v 99603 -104962735 39780186
v 99618 -104962229 39780186
v 100639 -104961376 39780227
v 100640 -104960435 39780186
v 100631 -104959721 39780194
v 100688 -104959523 39780237
v 101473 -104958649 39780235
v 101474 -104957535 39780232
v 101303 -104957223 39780260
v 101301 -104956848 39780245
v 101302 -104956234 39780214
v 101309 -104955635 39780186
v 101292 -104955016 39780182
v 101291 -104954435 39780186
v 101369 -104953335 39780186
v 101368 -104952810 39780205
v 101362 -104952393 39780219
v 101361 -104950135 39780186
v 101515 -104948834 39780186
v 101516 -104947198 39780249
v 101532 -104946734 39780286
v 101388 -104946036 39780286
v 101371 -104945934 39780286
v 101372 -104944434 39780286
v 101399 -104942634 39780286
v 101398 -104941432 39780286
v 101397 -104940734 39780286
v 101694 -104940134 39780286
v 101695 -104938834 39780286
v 101417 -104938434 39780386
v 101418 -104937234 39780386
v 101730 -104931834 39780286
v 101457 -104922533 39778786
v 101456 -104913233 39778686
v 101450 -104908633 39778686
v 101451 -104907433 39778686
v 101466 -104906133 39778586
v 102896 -104904133 39778586
v 102849 -104901633 39778586
v 102848 -104900833 39778486
v 102846 -104899932 39778386
v 102847 -104897032 39778486
v 102850 -104894932 39777986
v 102958 -104889532 39777486
v 102956 -104884832 39777286
v 102851 -104874089 39776366
v 102852 -104866831 39775686
v 103318 -104866417 39775686
v 103319 -104866131 39775686
v 103323 -104864831 39775586
v 102877 -104862431 39775386
v 102878 -104851431 39774286
v 102898 -104847230 39774086
v 110483 -104842930 39773586
v 110475 -104840530 39773517
v 110474 -104832430 39773286
v 110473 -104830430 39773186
v 12099 -104828230 39773186
v 12097 -104825629 39773187
v 12098 -104824586 39772923
v 14638 -104821729 39772687
v 12117 -104814129 39771687
v 12116 -104810129 39771087
v 2093 -104806129 39770887
v 2094 -104795778 39767624
v 15273 -104793010 39766661
v 15274 -104792515 39766489
v 15268 -104791664 39766192
v 15269 -104791208 39766033
v 15272 -104789781 39765536
v 15266 -104787873 39764872
v 15267 -104780699 39762375
v 12486 -104774127 39760087
v 12485 -104772427 39759487
v 12584 -104771027 39758887
v 12585 -104770127 39758487
v 12586 -104768127 39757787
v 12588 -104753427 39752687
v 12611 -104752427 39752087
v 12623 -104750373 39750872
v 12625 -104747036 39748899
v 12780 -104738226 39743687
v 12779 -104734926 39742187
v 12786 -104730326 39740987
v 12785 -104728726 39740687
v 12783 -104725426 39740287
v 12784 -104718826 39740287
v 12832 -104716025 39740287
v 12833 -104713750 39740189
v 12830 -104710707 39740208
v 12828 -104678424 39739887
v 14251 -104672382 39739919
v 12850 -104665524 39739987
v 12848 -104660824 39739987
v 13248 -104659964 39739988
v 12821 -104657351 39739882
v 12819 -104653229 39739778
v 12820 -104646790 39739749
v 12825 -104644153 39739724
v 14247 -104642930 39739782
v 12927 -104640723 39739886
v 12928 -104636723 39739686
v 12953 -104635347 39739631
v 12954 -104634224 39739587
v 12971 -104633384 39739547
v 12973 -104632424 39739501
v 12972 -104622454 39739488
v 12793 -104616222 39739486
v 12792 -104612422 39739686
v 13010 -104611122 39739686
v 13012 -104610022 39739686
v 13014 -104608622 39739586
v 13017 -104607222 39739586
v 13019 -104605922 39739586
v 13006 -104604822 39739586
v 13005 -104603322 39739586
v 14585 -104603051 39739582
v 14582 -104583635 39739311
v 728 -104582454 39739297
v 727 -104565098 39739189
v 13033 -104564620 39739186
v 13032 -104545883 39738843
v 13031 -104529158 39738629
v 13046 -104526919 39738686
v 13047 -104524517 39738576
v 1631 -104507228 39738383
v 1632 -104488942 39737932
v 1637 -104481092 39737905
v 1640 -104470682 39737870
v 1641 -104457851 39737921
v 14046 -104452056 39737940
v 14045 -104451921 39737939
v 1967 -104436001 39737896
v 1966 -104433570 39737895
v 1960 -104433121 39737878
v 1961 -104432977 39737873
v 1965 -104432296 39737918
v 1964 -104430784 39737895
v 14195 -104420859 39737937
v 14193 -104418538 39737946
v 14194 -104414984 39737962
v 16846 -104414366 39737962
v 14192 -104414302 39737962
v 1974 -104414183 39737962
v 1973 -104414049 39737971
v 1972 -104413531 39738007
v 1971 -104411960 39737961
v 20369 -104406862 39737250
v 20361 -104405795 39737090
v 20362 -104404639 39736883
v 20355 -104393851 39735232
v 20353 -104376987 39732683
v 20372 -104363369 39733334
v 20519 -104330620 39734666
v 20529 -104327804 39734575
v 20528 -104327033 39734552
v 20527 -104326292 39734483
v 20532 -104325610 39734392
v 20531 -104324958 39734392
v 20526 -104323417 39734255
v 20525 -104319599 39734071
v 20578 -104315533 39733738
v 20730 -104299747 39731133
v 20507 -104286649 39729841
v 20505 -104284205 39730062
v 20497 -104283866 39730064
v 20496 -104246896 39722201
v 20774 -104239585 39720302
v 21027 -104239204 39720203
v 20750 -104229991 39717810
v 20749 -104227453 39717151
v 20789 -104222148 39715871
v 20790 -104221734 39716398
v 20748 -104221615 39716558
v 20747 -104221141 39717313
v 20763 -104216433 39724866
v 20762 -104209738 39735189
v 1887 -104204345 39739172
v 1886 -104190828 39739333
v 1885 -104171828 39739446
v 1884 -104152945 39739624
v 1891 -104145965 39739681
v 1889 -104141688 39739715
v 1890 -104134212 39739777
v 1922 -104128228 39739782
v 1920 -104116394 39739916
v 1921 -104114415 39739944
v 1916 -104104472 39739998
v 1917 -104100240 39739989
v 2020 -104096256 39740004
v 2018 -104093719 39740014
v 2019 -104087323 39740052
v 2060 -104078039 39740108
v 2063 -104071038 39740108
v 2061 -104068080 39740109
v 2064 -104066527 39740108
v 14900 -104062807 39740108
v 1951 -104060072 39740108
v 1952 -104050930 39740107
v 2016 -104040632 39740106
v 2012 -104040217 39740106
v 2013 -104035454 39740184
v 2015 -104031235 39740195
v 2055 -104026713 39740194
v 2054 -104025249 39740208
v 2053 -104021810 39740261
v 1953 -104020980 39740261
v 1954 -104012732 39740305
v 13270 -104009123 39740324
v 2014 -104002898 39740321
v 462 -104001732 39741395
v 463 -104001020 39754423
v 460 -104000511 39767695
v 455 -104000151 39774505
v 453 -104000033 39778269
v 454 -103999881 39782473
v 435 -103999812 39785145
v 436 -103999193 39811407
v 2618 -103999056 39825229
v 2617 -103998998 39826007
v 408 -103999002 39826364
v 409 -103999025 39852518
v 115 -103999051 39854888
v 116 -103999241 39869304
v 113 -103999339 39878484
v 114 -103999345 39884096
v 111 -103999506 39898536
v 96 -103996240 39898561
v 97 -103983136 39898577
v 101 -103980641 39898636
v 72 -103980576 39900147
v 73 -103979350 39928408
v 34 -103979269 39942939
v 35 -103978682 39957174
v 2 -103978333 39971957
