v 98813 -122977478 38973433
v 80341 -122977459 38972406
v 80340 -122977462 38971920
v 80343 -122977470 38970628
v 80342 -122977458 38969797
v 80345 -122977492 38964851
v 80344 -122977521 38960637
v 98764 -122981217 38956158
v 80157 -122977588 38955713
v 80156 -122973195 38946681
v 98738 -122970322 38944210
v 80348 -122968316 38943812
v 80254 -122956593 38946595
v 80255 -122956235 38946481
v 80159 -122952706 38945610
v 80205 -122945453 38939659
v 80204 -122941178 38938189
v 80305 -122922651 38930363
v 80304 -122909315 38935001
v 80306 -122908773 38938847
v 80302 -122907903 38945324
v 80313 -122907075 38946088
v 80303 -122902025 38949060
v 80206 -122896111 38955078
v 80147 -122895982 38957344
v 80316 -122894965 38957349
v 80196 -122891486 38957344
v 80150 -122890628 38957313
v 80149 -122890149 38957296
v 80151 -122885576 38957248
v 80152 -122885458 38960825
v 80319 -122871439 38966680
v 80639 -122869423 38967700
v 80522 -122866477 38969225
v 80516 -122863001 38970977
v 80510 -122861887 38971658
v 80511 -122860693 38971658
v 80644 -122859964 38971648
v 80645 -122858339 38971648
v 80626 -122856875 38971651
v 80504 -122856846 38973208
v 80509 -122854712 38973229
v 80486 -122854684 38975083
v 80487 -122852280 38975084
v 80488 -122851899 38975085
v 80489 -122847615 38975079
v 80734 -122846592 38975082
v 80492 -122844703 38974976
v 80491 -122843014 38974903
v 80463 -122842850 38975222
v 80473 -122842457 38975750
v 80477 -122842046 38975567
v 80497 -122838997 38974584
v 80498 -122838533 38974450
v 80653 -122836993 38973943
v 84471 -122835470 38973414
v 80508 -122834707 38973116
v 80507 -122832627 38972314
v 80760 -122830366 38970806
v 80524 -122829054 38969596
v 80523 -122828380 38968749
v 80525 -122828321 38968451
v 80782 -122828321 38967912
v 80530 -122828354 38967506
v 80528 -122828409 38967307
v 80852 -122828521 38962507
v 80549 -122827741 38956955
v 80548 -122825738 38950416
v 80651 -122825038 38949266
v 80650 -122824190 38948430
v 80561 -122815500 38944741
v 80559 -122809441 38942612
v 80556 -122804312 38943367
v 80558 -122791796 38942427
v 80571 -122786448 38938579
v 80583 -122779562 38927141
v 80582 -122774517 38919418
v 80596 -122766133 38910802
v 80594 -122765821 38910191
v 80599 -122763985 38908563
v 80934 -122756423 38905614
v 85317 -122756338 38905571
v 85319 -122754871 38904829
v 85194 -122753785 38903937
v 80601 -122752061 38902408
v 80600 -122750960 38902076
v 81419 -122746563 38900095
v 81482 -122735376 38892930
v 81971 -122735244 38892748
v 81970 -122735162 38892636
v 85177 -122735121 38892579
v 81432 -122734464 38891331
v 81430 -122734464 38891057
v 81437 -122732232 38889127
v 84721 -122730632 38887853
v 84720 -122730503 38887750
v 83235 -122729230 38882005
v 81478 -122733452 38878776
v 81477 -122730833 38875971
v 81442 -122728579 38876182
v 81441 -122727662 38876502
v 83448 -122726173 38875251
v 83460 -122725239 38873524
v 83459 -122718623 38868712
v 83273 -122718791 38865768
v 83272 -122718432 38863367
v 83275 -122718736 38863032
v 83274 -122719807 38861856
v 83427 -122721647 38857865
v 83282 -122721650 38857736
v 83291 -122722945 38854791
v 83290 -122722819 38853890
v 83673 -122722935 38852448
v 83302 -122722187 38851465
v 83301 -122721675 38849977
v 83672 -122722874 38847001
v 83671 -122724191 38846794
v 83499 -122724308 38845581
v 83498 -122724024 38845306
v 83303 -122723466 38844767
v 80972 -122723136 38844025
v 80971 -122723192 38843790
v 83501 -122723487 38843315
v 83500 -122723496 38843187
v 83504 -122723094 38840729
v 83503 -122721676 38837367
v 83718 -122723367 38836701
v 83717 -122724256 38837362
v 81664 -122724550 38836921
v 82043 -122720758 38827912
v 82042 -122721202 38825590
v 81763 -122721284 38825417
v 79801 -122721272 38824591
v 79800 -122721270 38824445
v 79802 -122721267 38824257
v 83331 -122721264 38824032
v 83330 -122721254 38823380
v 83334 -122720932 38822945
v 83339 -122720317 38822441
v 83352 -122718239 38820016
v 83546 -122717624 38819604
v 83738 -122714958 38817919
v 83358 -122713907 38816263
v 79793 -122711888 38814546
v 79792 -122711629 38813839
v 80208 -122711577 38813617
v 80207 -122711478 38813196
v 80215 -122711097 38812532
v 83362 -122709897 38811022
v 80241 -122709954 38810448
v 80240 -122709458 38809648
v 80315 -122709315 38809038
v 80314 -122707673 38807680
v 80298 -122705788 38805178
v 80270 -122705332 38801730
v 80266 -122705360 38800357
v 80188 -122705913 38799223
v 80187 -122705735 38799022
v 80263 -122703102 38794213
v 80262 -122702711 38793812
v 83365 -122702579 38793696
v 83366 -122700707 38791842
v 83766 -122697402 38792209
v 84843 -122693103 38787517
v 83601 -122689803 38785019
v 83600 -122688191 38783797
v 83375 -122688000 38783599
v 83373 -122685470 38781909
v 83379 -122685224 38781879
v 83378 -122682026 38779200
v 83413 -122680847 38778574
v 83602 -122680514 38778431
v 83608 -122677949 38777121
v 83607 -122676798 38776690
v 85113 -122672494 38774842
v 85114 -122670968 38774515
v 83415 -122666207 38773269
v 83414 -122664260 38772238
v 83575 -122643330 38762500
v 83397 -122642290 38761550
v 83396 -122641064 38759169
v 84238 -122639523 38755678
v 84069 -122634777 38748656
v 84068 -122632753 38745291
v 84240 -122632601 38744096
v 84242 -122632793 38743441
v 84241 -122633177 38742785
v 84243 -122630857 38740929
v 84079 -122630094 38740348
v 84078 -122629397 38739791
v 79959 -122629193 38739633
v 79958 -122628801 38739275
v 84081 -122628632 38739121
v 79817 -122627898 38738493
v 84245 -122627381 38738051
v 84244 -122627304 38737985
v 79964 -122626792 38737393
v 79963 -122626589 38737385
v 80790 -122626392 38737377
v 79821 -122625912 38736529
v 79820 -122624481 38734375
v 84250 -122624360 38734193
v 79969 -122622664 38731777
v 84300 -122620720 38728431
v 84299 -122619240 38726577
v 84876 -122618671 38725607
v 84303 -122618211 38723015
v 84302 -122618200 38722913
v 84306 -122618194 38722851
v 84305 -122618136 38722273
v 84308 -122618096 38721974
v 84307 -122618056 38721681
v 84309 -122617528 38718161
v 84312 -122617240 38716817
v 84313 -122614872 38714593
v 84321 -122611281 38711411
v 84320 -122611192 38711329
v 84327 -122610466 38710589
v 84326 -122607911 38707985
v 84385 -122604535 38703649
v 84387 -122604359 38703105
v 79810 -122601927 38700033
v 79809 -122601642 38699851
v 84384 -122598923 38695648
v 79812 -122598807 38695329
v 79811 -122598286 38694381
v 80012 -122591937 38681857
v 80015 -122591508 38681311
v 79814 -122591303 38681057
v 79813 -122590894 38680519
v 84390 -122592195 38675805
v 100105 -122590262 38666657
v 99759 -122596595 38640206
v 99756 -122597597 38641469
v 99755 -122595494 38605407
v 99758 -122592794 38604607
v 99803 -122587394 38602507
v 99842 -122583594 38597907
v 99843 -122581994 38595507
v 99845 -122577494 38588907
v 99892 -122576394 38583507
v 99908 -122576494 38582507
v 99901 -122576894 38581607
v 99900 -122577594 38581007
v 99903 -122578294 38580207
v 99904 -122579094 38578607
v 99940 -122579694 38577207
v 99934 -122579894 38576807
v 99936 -122580194 38576007
v 99937 -122580494 38575007
v 99939 -122579994 38574907
v 99951 -122578894 38574507
v 99986 -122569093 38571107
v 99987 -122567301 38570083
v 105459 -122566212 38568657
v 105457 -122565972 38568253
v 99989 -122565293 38567107
v 99988 -122563493 38566407
v 99992 -122561070 38565702
v 99991 -122557993 38564807
v 100000 -122553994 38564293
v 100005 -122551193 38563807
v 100008 -122549933 38563594
v 100007 -122544693 38562707
v 100010 -122540592 38561707
v 100012 -122538292 38560907
v 100017 -122533736 38557973
v 100016 -122531883 38556882
v 100022 -122530092 38555907
v 100030 -122525824 38553385
v 100029 -122525692 38553307
v 100031 -122520092 38552407
v 100044 -122515092 38550607
v 100046 -122511077 38547291
v 100045 -122510491 38546807
v 105381 -122509484 38544715
v 105379 -122509071 38543541
v 100049 -122508985 38543136
v 100048 -122508491 38540807
v 105382 -122507904 38538958
v 105383 -122507444 38537508
v 105384 -122507191 38536708
v 105385 -122506175 38535638
v 105386 -122504757 38533640
v 100051 -122503044 38530214
v 100050 -122502791 38529708
v 100125 -122498847 38526843
v 100124 -122496491 38523408
v 100180 -122495997 38522952
v 100179 -122495191 38522208
v 100182 -122493991 38521108
v 100184 -122492191 38519808
v 100186 -122487636 38517195
v 100185 -122486091 38516308
v 103349 -122485702 38515972
v 100188 -122485451 38515754
v 100187 -122478691 38509908
v 100216 -122477891 38509408
v 100217 -122476491 38508608
v 105463 -122476162 38508433
v 100254 -122475160 38507898
v 100250 -122474991 38507808
v 100258 -122474819 38507703
v 100261 -122474191 38507308
v 100272 -122473596 38506970
v 100273 -122473291 38506808
v 100276 -122471991 38506008
v 100281 -122470391 38505108
v 100522 -122468814 38504172
v 100527 -122468059 38503744
v 100536 -122466891 38503108
v 100537 -122466591 38502908
v 100539 -122465991 38502408
v 100540 -122464764 38501426
v 100720 -122464491 38501208
v 100722 -122463591 38500308
v 100725 -122461977 38498949
v 100724 -122461690 38498708
v 100726 -122461490 38498508
v 100729 -122460090 38497308
v 100736 -122458744 38496180
v 100737 -122458018 38495588
v 100755 -122455890 38493709
v 100756 -122453917 38492050
v 100758 -122450953 38489512
v 100764 -122449823 38488562
v 100765 -122448762 38487712
v 100767 -122445990 38485209
v 100768 -122442590 38482509
v 100799 -122438332 38478917
v 100803 -122436190 38477109
v 100805 -122432890 38472609
v 100813 -122431859 38471119
v 100812 -122431090 38470009
v 100814 -122430090 38468609
v 100815 -122425659 38462235
v 100817 -122422690 38458609
v 100816 -122421190 38457109
v 100820 -122416889 38452310
v 100853 -122414789 38450010
v 100865 -122402589 38436810
v 100872 -122400389 38434310
v 100875 -122397765 38431258
v 100874 -122391189 38423610
v 100879 -122390189 38422510
v 105258 -122387478 38418973
v 105246 -122385677 38416623
v 105245 -122385172 38415964
v 100884 -122384483 38415066
v 100883 -122381988 38411811
v 100885 -122368788 38406211
v 100969 -122365264 38403159
v 100976 -122361188 38399511
v 101058 -122359288 38397611
v 101064 -122358088 38396611
v 101073 -122356788 38395611
v 101075 -122354096 38391831
v 101102 -122349387 38385211
v 101106 -122338987 38366912
v 101139 -122337887 38364912
v 101145 -122337487 38364112
v 101146 -122331387 38352712
v 101299 -122326286 38342713
v 101298 -122324112 38339264
v 101361 -122321886 38335813
v 101453 -122320587 38334232
v 101452 -122317286 38330213
v 101921 -122314086 38326713
v 101951 -122309185 38320813
v 102137 -122308585 38319513
v 102176 -122306785 38313713
v 104703 -122306528 38312750
v 104705 -122306259 38311741
v 102193 -122305964 38310644
v 102192 -122305085 38307714
v 102281 -122304794 38306436
v 102403 -122304529 38305451
v 104711 -122304186 38304350
v 104710 -122303964 38303644
v 104709 -122303674 38302670
v 102444 -122303433 38301946
v 102443 -122303206 38301134
v 102447 -122303131 38300897
v 102451 -122302592 38299124
v 102452 -122302285 38298414
v 102454 -122301985 38297114
v 103230 -122301807 38296135
v 103246 -122301785 38295314
v 103247 -122301962 38294473
v 103235 -122302153 38293584
v 103236 -122302181 38293314
v 103269 -122302074 38290823
v 103270 -122302038 38290765
v 103281 -122300877 38287079
v 103283 -122300285 38284514
v 103371 -122300256 38283644
v 103372 -122300164 38282175
v 103373 -122300135 38281715
v 103377 -122299877 38280259
v 103383 -122299585 38278915
v 103387 -122299501 38274555
v 103390 -122299485 38273315
v 103392 -122301185 38260515
v 103439 -122304125 38257067
v 103443 -122291180 38245132
v 103740 -122285756 38244124
v 103741 -122284959 38244007
v 103742 -122284604 38243980
v 103743 -122277979 38243756
v 103750 -122268923 38241180
v 103754 -122267583 38240316
v 103758 -122262827 38236028
v 104292 -122260883 38234316
v 104295 -122260486 38233588
v 104294 -122258582 38227516
v 104299 -122258082 38223716
v 104302 -122258082 38223116
v 101232 -122253382 38222616
v 104310 -122238782 38221516
v 104327 -122224981 38216816
v 104332 -122222381 38216016
v 104333 -122212081 38212816
v 104335 -122204281 38209616
v 271374 -122187768 38208492
v 271376 -122184168 38208124
v 271377 -122156479 38207616
v 272183 -122151779 38208016
v 272195 -122149731 38208146
v 272199 -122147879 38209716
v 272200 -122146779 38210415
v 272215 -122144230 38212057
v 272216 -122143479 38212615
v 272221 -122141662 38213553
v 272212 -122140573 38214185
v 272209 -122138984 38215230
v 272214 -122138693 38215409
v 272320 -122137693 38216062
v 272322 -122137686 38215117
v 272321 -122137679 38214115
v 272336 -122137639 38213318
v 272338 -122137619 38212050
v 272337 -122137679 38210115
v 272349 -122137679 38209815
v 272351 -122137699 38209660
v 272350 -122137866 38205019
v 280731 -122137856 38202146
v 272380 -122137469 38191346
v 272379 -122137431 38190284
v 272901 -122135478 38185116
v 272902 -122134178 38182816
v 272905 -122132678 38180016
v 272909 -122127118 38171507
v 272915 -122118078 38160817
v 272916 -122117078 38159641
v 272920 -122112117 38150701
v 272921 -122111237 38148429
v 272924 -122110389 38146573
v 272926 -122110101 38145933
v 272927 -122109333 38142237
v 272936 -122109350 38142115
v 269839 -122106885 38124910
v 269840 -122106101 38117150
v 269847 -122106213 38114590
v 269848 -122106261 38112174
v 269843 -122103312 38101835
v 269844 -122103446 38100422
v 269854 -122105981 38092812
v 271185 -122110932 38087055
v 271118 -122112476 38085119
v 271186 -122112840 38084755
v 271121 -122113876 38083719
v 271106 -122128277 38067719
v 271109 -122130155 38065315
v 271101 -122130777 38064520
v 271141 -122131128 38062219
v 271140 -122130576 38052320
v 271174 -122130634 38050773
v 271173 -122130528 38048078
v 271175 -122129776 38046620
v 271176 -122129476 38046220
v 271178 -122128918 38045602
v 271180 -122128776 38045420
v 271182 -122128330 38044850
v 271181 -122126976 38043120
v 271183 -122124228 38039877
v 43587 -122121976 38037220
v 43588 -122119376 38033920
v 43589 -122118076 38031020
v 43590 -122113206 38026439
v 44010 -122111576 38025521
v 44023 -122111175 38025421
v 44027 -122108810 38024403
v 44029 -122108136 38024099
v 44030 -122106324 38023282
v 44034 -122096975 38018221
v 44035 -122092995 38014633
v 44164 -122090573 38012436
v 44165 -122088875 38010821
v 44170 -122085475 38007921
v 44207 -122084674 38007221
v 44208 -122083074 38005821
v 44210 -122082574 38005321
v 44211 -122078274 38001521
v 44220 -122076524 38000008
v 70595 -122075550 37999165
v 50747 -122074574 37998321
v 50748 -122072274 37996421
v 50752 -122070256 37994566
v 50765 -122069992 37994318
v 50767 -122069674 37993821
v 50770 -122068874 37992221
v 50771 -122068650 37991768
v 50772 -122068174 37990421
v 50782 -122066974 37985322
v 52410 -122066693 37984253
v 52448 -122066474 37983422
v 52450 -122066074 37981722
v 52452 -122065103 37979338
v 52455 -122064974 37979022
v 52456 -122064398 37977835
v 52485 -122063574 37976522
v 52487 -122062674 37975322
v 52489 -122061245 37973336
v 57144 -122056773 37967122
v 57145 -122056143 37966256
v 57146 -122055973 37966022
v 41025 -122055934 37965885
v 41026 -122055773 37965322
v 57153 -122053873 37961222
v 57445 -122052773 37958922
v 57450 -122054973 37954322
v 57461 -122055273 37953322
v 57462 -122056973 37949522
v 57500 -122058373 37946023
v 57501 -122058773 37945123
v 57510 -122060374 37941423
v 57513 -122060474 37940823
v 57514 -122060471 37937988
v 58748 -122060274 37934023
v 58754 -122060474 37933323
v 58756 -122060274 37933023
v 58757 -122060374 37931523
v 58774 -122060284 37930263
v 58776 -122060274 37930123
v 58777 -122060874 37926323
v 58787 -122061074 37923623
v 54120 -122061874 37921823
v 54121 -122061949 37921223
v 70597 -122062198 37920623
v 70598 -122062495 37920093
v 54152 -122063374 37918523
v 54153 -122063961 37917723
v 54135 -122064474 37917023
v 54142 -122065329 37916011
v 54141 -122065649 37915650
v 54143 -122066574 37914023
v 54145 -122066786 37913323
v 54405 -122067574 37910724
v 54389 -122069174 37906924
v 54385 -122069574 37905324
v 54391 -122070474 37901824
v 54398 -122070574 37901224
v 54395 -122070674 37900924
v 54397 -122070745 37900151
v 54469 -122070797 37899513
v 54470 -122070874 37898824
v 54471 -122070639 37897172
v 54476 -122070344 37896444
v 54477 -122068964 37895196
v 54483 -122068279 37894732
v 54303 -122066610 37893737
v 54304 -122066074 37893424
v 54568 -122065509 37893189
v 54580 -122064874 37892924
v 54581 -122064168 37892446
v 54584 -122063328 37892128
v 54586 -122062273 37891724
v 54592 -122061600 37891438
v 59395 -122060773 37890924
v 59401 -122060142 37890552
v 59407 -122059673 37890224
v 59409 -122057473 37888324
v 59423 -122056173 37886924
v 64521 -122054973 37885524
v 64554 -122052373 37882224
v 64565 -122051873 37881724
v 64574 -122050846 37880771
v 64590 -122050161 37880167
v 64591 -122049806 37879890
v 64595 -122049173 37879424
v 64598 -122049043 37879327
v 64657 -122047773 37878124
v 64660 -122045058 37875324
v 64728 -122044373 37874424
v 64729 -122043773 37873624
v 64730 -122043402 37873200
v 64749 -122042373 37872024
v 64750 -122041673 37870925
v 64751 -122040873 37869825
v 64754 -122039638 37868281
v 64774 -122036389 37864328
v 64773 -122035288 37863366
v 65006 -122034099 37862450
v 65008 -122033573 37861650
v 65154 -122030472 37856325
v 65164 -122030372 37856225
v 65165 -122029472 37854725
v 65203 -122029080 37853876
v 65205 -122028635 37852025
v 65206 -122028506 37851492
v 65214 -122028427 37851244
v 65216 -122027772 37848725
v 65267 -122025372 37845425
v 65279 -122020974 37842540
v 76324 -122018035 37840612
v 72679 -122017496 37840259
v 65392 -122016072 37839325
v 65393 -122011874 37836544
v 65861 -122009172 37834925
v 65863 -122005471 37832325
v 65870 -122001871 37830025
v 65898 -122001371 37829625
v 65899 -122000571 37829025
v 65915 -121999271 37828325
v 65924 -121995655 37825625
v 65930 -121994571 37824326
v 66084 -121993799 37822907
v 66135 -121993735 37822466
v 66141 -121993571 37821326
v 66142 -121993471 37819226
v 66145 -121993431 37817830
v 70608 -121993413 37817202
v 65983 -121993487 37815807
v 66157 -121993471 37815226
v 66158 -121993459 37813956
v 66166 -121993353 37813107
v 66167 -121993239 37811832
v 66171 -121993193 37811483
v 66172 -121993148 37811160
v 66245 -121992736 37809838
v 66253 -121992571 37809526
v 66254 -121990814 37806195
v 43611 -121988803 37802383
v 43612 -121987771 37800426
v 66320 -121984029 37793999
v 62690 -121983856 37793703
v 62691 -121983171 37792526
v 66632 -121979741 37786271
v 67031 -121977470 37782127
v 43012 -121976570 37780427
v 43013 -121976258 37779857
v 67043 -121974863 37777294
v 67046 -121973170 37773527
v 67047 -121972170 37771527
v 67254 -121964970 37759927
v 67287 -121961618 37754689
v 70577 -121959376 37751187
v 70578 -121959190 37750897
v 67825 -121956970 37747428
v 67826 -121955790 37745629
v 67988 -121950669 37737828
v 67989 -121950072 37736813
v 67992 -121942069 37725629
v 68340 -121941675 37725160
v 19471 -121940269 37723429
v 19470 -121938869 37721829
v 19476 -121937490 37720122
v 19475 -121936769 37719229
v 33812 -121934979 37717036
v 33814 -121933208 37714866
v 19526 -121933096 37714729
v 19525 -121930730 37711829
v 19447 -121930264 37711258
v 19437 -121929669 37710529
v 19626 -121925369 37705629
v 19660 -121923919 37703849
v 19967 -121923400 37702893
v 19974 -121923157 37702350
v 19185 -121922927 37701702
v 19184 -121922843 37701470
v 20073 -121922744 37701222
v 20072 -121922609 37700969
v 20071 -121922515 37700710
v 19709 -121921600 37698370
v 19704 -121920469 37695630
v 19699 -121918469 37690430
v 20093 -121917268 37687332
v 20092 -121913468 37677530
v 20173 -121912968 37676330
v 30591 -121912337 37674612
v 30590 -121911168 37671431
v 30582 -121910869 37670450
v 30583 -121910630 37669665
v 37870 -121910561 37669438
v 37867 -121910213 37668311
v 37868 -121910171 37668176
v 37882 -121909783 37666926
v 37883 -121909592 37666311
v 39212 -121909332 37665474
v 39211 -121908722 37664352
v 38432 -121907831 37662812
v 25299 -121907668 37662531
v 25298 -121906968 37661331
v 30802 -121902988 37657536
v 30803 -121902010 37656656
v 30797 -121901879 37656542
v 30796 -121901768 37656431
v 30795 -121900468 37655231
v 31003 -121891768 37647331
v 31002 -121891568 37647131
v 31017 -121891268 37646931
v 31018 -121888468 37644331
v 31039 -121887672 37643513
v 31028 -121887170 37643019
v 31027 -121885683 37641138
v 31026 -121885068 37639832
v 31033 -121884929 37639482
v 31035 -121884532 37638116
v 31034 -121884168 37636532
v 31125 -121879216 37623539
v 31059 -121871967 37604633
v 31057 -121871667 37603733
v 31056 -121871467 37600933
v 31433 -121872005 37592593
v 31450 -121871803 37592359
v 31267 -121870967 37591533
v 31449 -121869667 37592433
v 31448 -121869067 37592933
v 31432 -121864167 37595033
v 31431 -121860367 37596533
v 31430 -121856967 37597933
v 31415 -121846566 37602233
v 31414 -121843366 37603233
v 31413 -121837066 37605232
v 31412 -121818766 37614132
v 31411 -121812421 37620067
v 38947 -121809867 37622456
v 33524 -121804002 37627942
v 32871 -121803265 37628631
v 32870 -121803116 37628583
v 32869 -121796788 37626533
v 32426 -121796165 37626331
v 32425 -121785864 37626031
v 33175 -121785064 37623131
v 32886 -121783564 37621031
v 32883 -121751263 37601232
v 33164 -121751363 37603132
v 308 -121746078 37607578
