v 1039873 -81898589 30945237
v 1039882 -81899268 30945599
v 1047096 -81899468 30945706
v 1047028 -81900004 30945992
v 1046986 -81902113 30947144
v 1047025 -81903274 30947779
v 1047022 -81908325 30949981
v 1047021 -81913217 30951150
v 1047024 -81924147 30947829
v 1047026 -81926514 30947164
v 1047032 -81941031 30942810
v 1047118 -81952024 30929561
v 1047050 -81955561 30925206
v 1047049 -81959903 30921289
v 1047051 -81960328 30920762
v 1047058 -81960910 30908455
v 1047060 -81961361 30906507
v 1047097 -81964831 30897685
v 1047110 -81966419 30896200
v 1047109 -81966625 30896008
v 1047076 -81968328 30894418
v 1047075 -81971162 30890806
v 1047115 -81971410 30890389
v 1047084 -81971634 30890014
v 1047083 -81973898 30886222
v 1047630 -81975499 30883563
v 1047629 -81976435 30882008
v 1047631 -81978119 30879211
v 1047094 -81978869 30877966
v 1047093 -81979474 30876961
v 1047645 -81980515 30875095
v 1047650 -81985086 30867693
v 1047651 -81985242 30867440
v 1047151 -81986452 30865152
v 1047149 -81986643 30864692
v 1047155 -81986796 30864306
v 1047154 -81987969 30861346
v 1047158 -81989534 30856991
v 1047168 -81989721 30851540
v 1047167 -81989902 30850505
v 1047416 -81990703 30848960
v 1047397 -81991782 30846841
v 1047174 -81992088 30846292
v 1047173 -81992768 30845072
v 1047187 -81996644 30841197
v 1047189 -81997148 30840761
v 1047196 -81998050 30839707
v 1047205 -81998283 30839449
v 1047204 -81999192 30838446
v 1047493 -81999509 30838260
v 1047219 -82000343 30837677
v 1045346 -82000804 30837227
v 1045345 -82001388 30836523
v 1045352 -82002198 30835622
v 1045351 -82002451 30835286
v 1045360 -82003413 30834244
v 1045359 -82003594 30834049
v 1045369 -82004019 30833567
v 1045380 -82004471 30833178
v 1045382 -82004444 30832903
v 1045390 -82005879 30832170
v 1045397 -82005879 30831758
v 1045396 -82006729 30831758
v 1045428 -82006225 30830360
v 1045442 -82006040 30829558
v 1045455 -82005881 30828870
v 1045473 -82005589 30827999
v 1045482 -82005404 30827380
v 1045495 -82005138 30826670
v 1045516 -82004476 30824859
v 1045521 -82004363 30824407
v 1045520 -82004264 30824011
v 1045530 -82003768 30823304
v 1045529 -82003415 30822315
v 1045540 -82002778 30820962
v 1045888 -82002447 30820481
v 1045821 -82002277 30820167
v 1045552 -82002071 30819785
v 1045551 -82001877 30819426
v 1045559 -82001702 30818947
v 1045558 -82001585 30818624
v 1047449 -82001536 30818453
v 1047618 -81998883 30812765
v 1047617 -81998848 30812718
v 1047355 -81998540 30812067
v 1047353 -81997978 30811059
v 1047622 -81997416 30809583
v 1047624 -81995506 30806412
v 1047366 -81994313 30805242
v 1047365 -81987669 30798552
v 1047375 -81983356 30790677
v 1047374 -81982621 30788951
v 1047376 -81982143 30788218
v 1047380 -81980586 30784690
v 1047379 -81980150 30783658
v 1047394 -81979639 30781761
v 1047393 -81979297 30776865
v 1047401 -81979297 30776743
v 636066 -81979297 30776452
v 636028 -81979297 30775990
v 636027 -81979110 30773643
v 636032 -81976348 30771352
v 636035 -81974587 30769896
v 636034 -81973799 30769244
v 636076 -81967425 30761472
v 636091 -81963365 30755686
v 636047 -81963149 30755378
v 636046 -81962782 30754855
v 636202 -81961086 30752520
v 636201 -81959174 30749806
v 641677 -81958874 30749312
v 641652 -81958219 30748402
v 641650 -81957909 30747979
v 641649 -81957529 30747464
v 636217 -81956201 30745663
v 636216 -81954237 30742729
v 636225 -81948955 30735282
v 636235 -81944842 30729484
v 636246 -81943702 30727857
v 636254 -81941136 30724039
v 636253 -81940597 30723181
v 636258 -81939893 30722281
v 636256 -81939695 30722058
v 636266 -81938247 30719853
v 636264 -81936857 30717819
v 639611 -81936754 30717667
v 636271 -81934598 30714507
v 636269 -81933621 30713074
v 638835 -81933094 30712291
v 636754 -81931861 30710460
v 636753 -81930338 30708346
v 641524 -81930097 30708014
v 636844 -81929509 30707093
v 636843 -81929125 30706543
v 636849 -81928981 30706337
v 636848 -81928083 30705049
v 636765 -81927945 30704852
v 636284 -81926220 30702376
v 636283 -81926009 30702073
v 636288 -81925206 30700940
v 636287 -81924921 30700538
v 636297 -81923912 30699103
v 636296 -81922482 30697077
v 636307 -81921660 30695976
v 636314 -81920971 30694762
v 636340 -81919846 30693271
v 636339 -81918823 30691805
v 636347 -81917975 30690659
v 636366 -81917206 30689604
v 636384 -81916464 30688481
v 636677 -81914857 30686271
v 636954 -81913669 30684637
v 636852 -81912268 30682710
v 636520 -81912119 30682505
v 636519 -81909014 30678487
v 636525 -81908033 30677845
v 636524 -81904985 30675851
v 636728 -81904412 30675472
v 636726 -81904052 30675235
v 636724 -81902777 30674395
v 636723 -81900110 30672637
v 636729 -81899323 30672118
v 641104 -81898895 30671836
v 641703 -81897824 30671130
v 642437 -81897567 30670961
v 641709 -81895430 30669551
v 641707 -81895118 30669345
v 641705 -81894127 30668692
v 636684 -81889808 30665845
v 636555 -81885167 30662731
v 636554 -81882349 30660787
v 641102 -81880108 30657856
v 636560 -81877983 30654996
v 636559 -81877925 30654918
v 636579 -81875331 30651341
v 636997 -81873349 30648773
v 639209 -81872755 30647944
v 636651 -81871900 30646773
v 636998 -81871148 30645749
v 636609 -81869503 30643549
v 637010 -81866347 30641006
v 637084 -81864009 30639277
v 637019 -81863310 30638761
v 637018 -81860831 30636929
v 637042 -81857356 30634204
v 637041 -81852480 30629437
v 639228 -81847267 30622710
v 639227 -81841822 30615324
v 639239 -81838588 30609045
v 639254 -81837973 30607793
v 639253 -81835671 30603178
v 639457 -81833465 30598656
v 639289 -81830634 30592921
v 639287 -81830025 30589496
v 639294 -81830275 30588315
v 639292 -81831667 30584454
v 639421 -81831865 30583841
v 639420 -81833948 30577429
v 639308 -81834142 30576923
v 639307 -81834287 30576547
v 639320 -81835240 30572994
v 639342 -81835492 30571974
v 639340 -81835661 30570970
v 639598 -81835701 30570382
v 639362 -81835708 30570279
v 639360 -81835610 30569121
v 639379 -81833534 30566146
v 639377 -81833145 30565798
v 639380 -81832853 30565569
v 639431 -81832812 30565539
v 639384 -81832658 30565428
v 639383 -81832377 30565225
v 639389 -81831185 30564400
v 639390 -81830046 30563506
v 639519 -81830362 30563123
v 639891 -81831131 30562064
v 639889 -81832443 30560489
v 639893 -81833206 30559600
v 639897 -81835891 30558425
v 639896 -81836350 30558296
v 639879 -81838166 30557372
v 639878 -81841004 30553973
v 639877 -81841553 30553291
v 639542 -81844590 30549594
v 639527 -81845794 30548165
v 639853 -81847321 30546249
v 639858 -81852995 30539292
v 639857 -81859467 30531356
v 639862 -81861542 30528980
v 639863 -81863099 30527061
v 638976 -81875270 30512303
v 638975 -81876105 30511261
v 639077 -81877659 30507640
v 639001 -81877717 30507428
v 638999 -81878730 30504615
v 640150 -81890855 30491512
v 640142 -81895738 30486163
v 640141 -81900377 30481216
v 640144 -81902771 30478693
v 640140 -81903352 30478080
v 640139 -81904619 30476539
v 640145 -81908446 30470038
v 640136 -81908617 30469669
v 640138 -81909674 30466879
v 640137 -81910463 30464797
v 640134 -81911010 30463392
v 640133 -81912233 30460247
v 640733 -81913438 30456547
v 640734 -81917380 30446799
v 640160 -81917913 30445481
v 639697 -81918581 30443829
v 640043 -81918836 30443150
v 640042 -81920006 30440032
v 639709 -81920808 30437893
v 639706 -81921693 30435482
v 640181 -81922503 30433349
v 639708 -81922686 30432868
v 639707 -81927263 30420819
v 639710 -81927965 30419056
v 639798 -81930940 30410519
v 639713 -81931289 30409400
v 639712 -81931581 30408055
v 639794 -81933715 30398974
v 639792 -81936205 30391526
v 640241 -81936455 30390836
v 639806 -81938615 30384865
v 639810 -81939943 30381607
v 639811 -81941209 30378094
v 639814 -81941530 30377152
v 639812 -81941850 30376381
v 639813 -81945314 30367939
v 211830 -81946194 30364892
v 210904 -81946197 30364883
v 210922 -81952337 30348075
v 243939 -81953901 30343572
v 210921 -81954540 30341732
v 210920 -81957628 30332841
v 210937 -81957719 30332632
v 238549 -81958226 30331508
v 210928 -81965665 30318659
v 210930 -81966555 30317134
v 210929 -81968630 30313738
v 210933 -81970230 30310338
v 211226 -81971330 30307438
v 211225 -81971830 30305938
v 211227 -81972430 30304238
v 211247 -81972497 30303698
v 211246 -81972530 30303438
v 211250 -81972530 30302938
v 211245 -81972530 30302538
v 211242 -81973230 30302538
v 211239 -81974030 30302538
v 211234 -81974430 30302538
v 211232 -81975530 30302538
v 211230 -81976330 30302538
v 211188 -81977331 30302538
v 211184 -81978731 30302538
v 211185 -81978785 30302538
v 211170 -81980331 30302538
v 211167 -81981131 30302538
v 211164 -81982631 30302538
v 211117 -81982714 30302538
v 211118 -81983231 30302538
v 211165 -81982931 30300438
v 211173 -81982831 30300038
v 211174 -81982831 30299938
v 211176 -81982831 30299338
v 211177 -81982931 30299138
v 211179 -81982831 30298838
v 211181 -81982731 30297638
v 211260 -81982731 30296183
v 239715 -81982731 30295623
v 211190 -81982731 30295403
v 211191 -81982731 30295138
v 211261 -81982731 30295049
v 239714 -81982731 30294306
v 211264 -81982731 30294064
v 211262 -81982731 30293438
v 211263 -81982731 30292338
v 211265 -81982631 30290538
v 211267 -81982731 30290238
v 211268 -81982731 30288738
v 211269 -81983531 30288638
v 211142 -81989231 30288138
v 211082 -82021132 30285638
v 211083 -82038132 30282937
v 639824 -82049198 30281491
v 25770 -82049579 30281380
v 25683 -82081013 30272957
v 25669 -82100743 30264434
v 25657 -82104467 30262897
v 25659 -82107900 30261413
v 25658 -82108862 30261020
v 25654 -82113805 30259233
v 25653 -82120260 30258708
v 23716 -82123052 30258804
v 23717 -82124984 30259102
v 25953 -82125209 30259131
v 25954 -82125363 30259151
v 23805 -82143252 30260492
v 23804 -82154938 30261390
v 23706 -82159878 30261799
v 23705 -82162491 30261983
v 23704 -82164392 30262006
v 23703 -82164735 30261983
v 23997 -82169750 30261440
v 23821 -82179673 30259264
v 23820 -82190050 30256884
v 23776 -82191809 30256415
v 24477 -82234272 30246019
v 24476 -82256595 30240588
v 24480 -82258152 30240199
v 24481 -82259155 30240016
v 24482 -82259815 30239810
v 24487 -82260475 30239559
v 24486 -82261557 30239353
v 24488 -82263168 30238964
v 24496 -82299856 30236588
v 24495 -82300172 30236817
v 24494 -82301756 30237825
v 24491 -82303181 30238536
v 24489 -82303577 30238811
v 24490 -82305061 30239677
v 24472 -82319019 30247999
v 22926 -82340890 30254348
v 22925 -82391305 30254095
v 22932 -82392036 30254024
v 22927 -82392255 30254003
v 22931 -82392430 30253976
v 22928 -82393179 30253866
v 22924 -82398203 30253920
v 22948 -82446200 30255661
v 22940 -82446520 30255687
v 22922 -82446765 30255707
v 22919 -82446962 30255724
v 22955 -82457485 30256916
v 193667 -82485146 30258189
v 193666 -82514726 30251529
v 193668 -82517233 30251369
v 196575 -82564546 30244883
v 196574 -82569710 30243912
v 196576 -82570554 30243798
v 196580 -82571531 30243614
v 196577 -82619431 30240896
v 196579 -82624698 30240962
v 199642 -82626113 30241021
v 195498 -82626880 30241056
v 195499 -82632072 30241292
v 194113 -82635042 30241427
v 194110 -82638261 30241612
v 194108 -82641771 30241726
v 194109 -82642378 30241749
v 199641 -82643299 30241784
v 199572 -82660737 30244324
v 194091 -82671276 30245101
v 194092 -82673735 30245101
v 194093 -82674443 30245101
v 194094 -82675763 30245078
v 194095 -82677927 30244941
v 194096 -82706697 30250251
v 193547 -82713939 30253298
v 193548 -82744547 30264548
v 193374 -82747769 30265248
v 193375 -82748851 30265523
v 193157 -82754460 30266673
v 193156 -82756624 30267155
v 193153 -82758260 30267454
v 193147 -82762800 30268533
v 193148 -82775570 30271143
v 193141 -82777028 30271447
v 193139 -82780855 30272227
v 193140 -82785761 30272941
v 193232 -82789729 30273521
v 193181 -82794054 30274153
v 193137 -82794767 30274245
v 969515 -82795400 30274360
v 969516 -82807795 30276547
v 969505 -82814882 30278760
v 969504 -82815146 30278875
v 969500 -82819107 30280181
v 969501 -82819477 30280226
v 969499 -82820137 30280410
v 969497 -82821325 30280891
v 969498 -82823170 30281561
v 969546 -82838424 30285828
v 969486 -82842525 30286385
v 969487 -82853746 30287940
v 969484 -82855304 30288306
v 969482 -82856730 30288489
v 969483 -82867624 30290199
v 969053 -82877364 30291848
v 969054 -82878923 30292130
v 968976 -82900650 30297613
v 968481 -82901231 30297796
v 968469 -82902102 30298163
v 968266 -82929747 30309897
v 968267 -82932625 30311341
v 968257 -82933760 30311982
v 968246 -82934843 30312578
v 968247 -82940279 30315394
v 968223 -82955682 30325475
v 968221 -82960622 30328888
v 968219 -82962656 30330399
v 968220 -82963496 30330976
v 968207 -82964558 30331705
v 968208 -82967282 30333569
v 968974 -82983476 30344323
v 968167 -82984189 30344757
v 968165 -82985246 30345146
v 968166 -83001256 30349222
v 972135 -83026272 30351865
v 972136 -83026986 30351911
v 971811 -83027778 30351980
v 971812 -83064603 30348866
v 972269 -83065078 30348906
v 972273 -83090887 30344194
v 972275 -83091114 30344029
v 971832 -83091634 30343653
v 972277 -83092032 30343364
v 972283 -83093142 30342562
v 972284 -83094189 30341806
v 971678 -83131076 30343126
v 971515 -83131657 30343241
v 971513 -83132370 30343424
v 971514 -83148292 30347770
v 971503 -83148367 30347790
v 971504 -83150372 30348313
v 971695 -83165466 30352235
v 971679 -83181789 30355552
v 971491 -83182529 30355666
v 971489 -83183269 30355849
v 971490 -83193047 30357530
v 502019 -83193592 30357624
v 502009 -83193952 30357686
v 501055 -83202278 30359119
v 501056 -83208154 30360130
v 501990 -83216264 30361594
v 501991 -83216661 30361685
v 502014 -83217348 30361823
v 502018 -83220280 30362372
v 502017 -83220465 30362463
v 501989 -83221284 30362638
v 500528 -83234204 30365481
v 500529 -83234733 30365527
v 500530 -83241407 30367053
v 500531 -83242131 30367219
v 500534 -83246569 30368018
v 500535 -83246728 30368018
v 500536 -83250602 30368823
v 500537 -83294635 30379176
v 500538 -83295639 30379451
v 500585 -83296855 30379726
v 500584 -83297753 30379933
v 500582 -83298704 30380116
v 500583 -83300210 30380437
v 500849 -83333409 30390269
v 500562 -83341167 30392338
v 500451 -83342963 30392825
v 500452 -83351102 30394838
v 500522 -83353613 30395250
v 500558 -83355040 30395387
v 500559 -83356044 30395501
v 500560 -83357075 30395615
v 500561 -83358502 30395821
v 499747 -83359374 30395935
v 499748 -83369334 30397752
v 499749 -83388058 30402741
v 499750 -83388773 30402945
v 500079 -83389167 30403039
v 499862 -83414006 30408840
v 499869 -83435518 30416286
v 499868 -83436205 30416790
v 499879 -83436998 30417431
v 499875 -83453787 30430179
v 499876 -83455079 30430989
v 499871 -83455740 30431310
v 499873 -83456533 30431676
v 499874 -83457868 30432199
v 499878 -83459335 30432775
v 499903 -83483536 30435265
v 499904 -83496184 30435625
v 498841 -83496633 30435647
v 498842 -83497083 30435647
v 498843 -83516168 30436412
v 498911 -83623899 30434619
v 498770 -83625554 30435114
v 498644 -83626869 30435296
v 498639 -83628607 30435587
v 498638 -83651847 30439150
v 498642 -83652311 30439221
v 498436 -83684915 30443208
v 498438 -83707950 30443178
v 403593 -83723338 30443139
v 402987 -83745818 30446608
v 402986 -83747814 30447619
v 402846 -83749880 30449603
v 402847 -83761434 30454587
v 402840 -83762951 30455256
v 402841 -83766795 30456543
v 402822 -83823489 30472322
v 402823 -83832222 30472689
v 402924 -83847420 30473132
v 402925 -83853404 30473180
v 402993 -83870255 30473485
v 402994 -83874885 30473622
v 402691 -83880162 30473936
v 402500 -83886471 30474969
v 402501 -83889643 30475565
v 402491 -83893714 30476368
v 402492 -83897294 30477024
v 402489 -83906457 30478340
v 402490 -83910717 30478453
v 402485 -83917006 30478410
v 402486 -83918597 30478410
v 402483 -83920918 30478456
v 402484 -83925687 30478491
v 402481 -83929406 30478502
v 402482 -83944317 30480931
v 402688 -83948108 30483537
v 402768 -83948384 30483733
v 402767 -83948933 30484122
v 402686 -83954456 30486853
v 402687 -83962173 30487653
v 402450 -83963884 30487725
v 402451 -83964742 30487797
v 402684 -83973559 30488379
v 402685 -83981916 30488863
v 402449 -83983000 30488977
v 402448 -83984111 30489023
v 402444 -83999340 30489679
v 402445 -84005290 30489502
v 403386 -84023490 30488201
v 403385 -84023790 30488201
v 403377 -84025490 30487801
v 403379 -84026990 30487401
v 403378 -84041191 30484401
v 477324 -84048891 30482801
v 477309 -84051472 30482237
v 477295 -84057591 30480901
v 477058 -84067892 30479701
v 477050 -84091793 30479401
v 477028 -84100193 30479301
v 476830 -84103593 30479301
v 476745 -84125394 30479501
v 476744 -84131289 30479671
v 476812 -84139093 30479895
v 478474 -84146646 30480639
v 478473 -84149521 30481012
v 476753 -84153378 30482765
v 476752 -84153895 30483000
v 476741 -84155926 30484319
v 476739 -84158103 30485720
v 476738 -84158439 30485960
v 476719 -84162055 30488216
v 476720 -84162610 30488635
v 477577 -84162972 30488879
v 475128 -84174396 30496200
v 475129 -84192750 30498148
v 475054 -84205997 30498200
v 475376 -84207768 30498495
v 475375 -84221044 30500600
v 477460 -84222052 30500724
v 473906 -84222868 30500824
v 473770 -84229998 30501700
v 473766 -84248599 30502799
v 473488 -84249799 30502799
v 473478 -84251899 30502799
v 473480 -84252220 30502799
v 473473 -84253699 30502799
v 473472 -84256299 30502299
v 473466 -84260399 30500499
v 479119 -84269247 30496730
v 473492 -84274795 30494366
v 470852 -84277300 30493299
v 470847 -84280500 30491999
v 470846 -84295400 30486499
v 470585 -84301100 30484699
v 477381 -84301512 30484680
v 477451 -84301980 30484599
v 470587 -84302819 30484454
v 470553 -84304301 30484199
v 470543 -84309601 30482999
v 470542 -84312401 30482299
v 481377 -84315092 30481835
v 470539 -84316084 30481664
v 470401 -84318201 30481299
v 477943 -84334080 30479175
v 477942 -84341561 30479266
v 469610 -84343159 30479285
v 469602 -84344302 30479299
v 469608 -84346702 30479199
v 478339 -84348149 30479230
v 478338 -84352745 30479330
v 469373 -84355164 30479383
v 469369 -84357376 30479422
v 469358 -84363103 30479899
v 469356 -84366303 30480299
v 467386 -84382804 30483998
v 467381 -84383604 30483998
v 467380 -84385804 30484398
v 467366 -84387104 30484598
v 467365 -84391304 30484698
v 467364 -84396904 30485098
v 278562 -84397304 30485098
v 278559 -84397704 30484998
v 278558 -84410505 30485798
v 278557 -84419605 30487998
v 278550 -84421705 30488598
v 278548 -84424805 30489498
v 278540 -84425705 30489798
v 278539 -84429205 30490998
v 278535 -84430405 30491398
v 278533 -84431905 30491698
v 278534 -84432786 30491962
v 278530 -84432906 30491998
v 278531 -84433256 30492120
v 278499 -84439806 30494398
v 278500 -84454096 30500473
v 278501 -84456288 30500993
v 279146 -84461627 30504417
v 279149 -84462531 30504829
v 279148 -84470827 30509725
v 279164 -84474918 30511735
v 279162 -84485040 30516300
v 278029 -84488802 30518265
v 279161 -84492706 30520725
v 277468 -84494048 30521970
v 277461 -84507801 30529142
v 277462 -84516569 30529351
v 277543 -84518714 30529352
v 277544 -84518939 30529352
v 277453 -84545345 30530848
v 277455 -84546626 30530818
v 277545 -84557930 30530688
v 277442 -84589350 30536458
v 277441 -84591625 30537213
v 277439 -84595198 30538266
v 277436 -84599591 30539548
v 277431 -84599962 30539708
v 277432 -84609878 30543420
v 277542 -84613574 30545332
v 277420 -84616373 30546781
v 276395 -84631911 30554861
v 276251 -84632599 30555251
v 276249 -84633181 30555641
v 276250 -84636636 30557478
v 276415 -84659567 30566357
v 276177 -84673119 30570404
v 276176 -84673781 30570541
v 276155 -84681352 30572879
v 276156 -84687320 30574600
v 276125 -84696679 30577300
v 276122 -84699646 30578148
v 276117 -84702928 30579087
v 276118 -84713121 30584685
v 276396 -84724034 30595416
v 276067 -84724405 30595965
v 276065 -84724802 30596561
v 276066 -84734345 30604038
v 276043 -84736246 30604805
v 276044 -84744363 30609559
v 276014 -84745808 30610253
v 275811 -84761352 30614401
v 275807 -84781743 30622054
v 275808 -84795456 30622243
v 275809 -84807637 30620268
v 275810 -84808792 30619901
v 275649 -84819301 30617460
v 275650 -84819646 30617460
v 275653 -84822003 30617276
v 275654 -84823354 30617253
v 275651 -84825367 30617322
v 275652 -84829660 30617609
v 275645 -84834929 30619131
v 275646 -84840724 30621299
v 274357 -84846611 30623413
v 273972 -84871540 30631589
v 273959 -84880438 30632751
v 273958 -84881046 30632775
v 273961 -84886832 30632347
v 273963 -84890058 30631698
v 273962 -84892200 30631136
v 273955 -84895996 30630625
v 273953 -84899299 30631436
v 273954 -84903481 30633078
v 273960 -84904258 30633383
v 391250 -84905085 30633708
v 391246 -84916382 30638143
v 391207 -84924334 30638680
v 391218 -84932202 30636069
v 391220 -84934580 30635893
v 391219 -84938508 30636023
v 391216 -84939726 30636092
v 391217 -84940010 30636110
v 391215 -84944045 30636367
v 391214 -84947091 30636458
v 391212 -84948999 30636481
v 391210 -84949529 30636481
v 391211 -84949688 30636492
v 391242 -84958378 30637763
v 391193 -84967969 30641014
v 391192 -84973030 30640578
v 391194 -84974037 30640394
v 391198 -84974858 30640257
v 391197 -84978381 30639820
v 391199 -84979044 30639706
v 391202 -84984740 30639108
v 391203 -84985536 30639062
v 391200 -84986701 30639153
v 391201 -84989426 30639391
v 391248 -85005959 30643981
v 398429 -85011945 30647924
v 398489 -85012232 30648054
v 398423 -85013058 30648429
v 398422 -85013243 30648520
v 398420 -85014567 30649414
v 398421 -85016306 30650802
v 398554 -85018291 30651491
v 398555 -85025513 30652391
v 398404 -85032638 30654162
v 398400 -85036109 30655859
v 398398 -85038149 30657050
v 398396 -85040269 30658059
v 398397 -85044646 30660434
v 398543 -85045144 30660704
v 398540 -85054361 30665674
v 398539 -85055767 30666420
v 398491 -85061576 30669379
v 398492 -85077308 30675995
v 398493 -85079546 30676848
v 398362 -85080156 30677031
v 398363 -85083179 30678268
v 398495 -85102358 30683750
v 398530 -85116167 30689713
v 397862 -85126660 30695620
v 397863 -85129197 30697079
v 397860 -85131165 30698211
v 397861 -85133015 30699258
v 397858 -85138507 30702384
v 397859 -85140070 30703274
v 397894 -85147936 30707744
v 397857 -85162446 30715818
v 397641 -85163453 30716300
v 397608 -85164143 30716667
v 397609 -85180698 30720637
v 397595 -85182652 30721023
v 397594 -85185198 30721573
v 397593 -85186842 30721916
v 397591 -85188009 30722237
v 397592 -85199744 30724677
v 397893 -85200988 30724921
v 397925 -85207780 30726253
v 397856 -85210552 30726796
v 397578 -85212275 30727070
v 397576 -85213549 30727254
v 397577 -85219088 30728607
v 397855 -85229013 30732772
v 397854 -85230074 30733299
v 397562 -85231003 30733780
v 397559 -85233203 30734807
v 397560 -85237587 30736853
v 397853 -85238802 30737420
v 397852 -85239492 30737695
v 397557 -85240262 30738015
v 397558 -85242696 30739192
v 397889 -85244672 30740147
v 397890 -85245101 30740354
v 397851 -85245568 30740580
v 397850 -85246656 30741106
v 397544 -85247319 30741381
v 394473 -85263893 30749636
v 394453 -85268234 30751889
v 390455 -85270526 30753061
v 394452 -85272045 30753779
v 394450 -85272345 30753930
v 394448 -85273300 30754503
v 394444 -85274785 30755099
v 394445 -85280170 30757392
v 394474 -85287297 30758418
v 394477 -85292824 30758609
v 394478 -85316018 30758705
v 394598 -85319977 30758098
v 394597 -85323981 30757554
v 394589 -85326538 30757326
v 394590 -85333924 30758596
v 394416 -85338657 30758359
v 393934 -85361564 30755783
v 393933 -85375720 30754400
v 393935 -85377259 30754148
v 393936 -85379700 30753760
v 393937 -85379992 30753668
v 393932 -85381743 30753463
v 393942 -85382317 30753374
v 393941 -85395964 30751246
v 396419 -85409094 30748794
v 396424 -85411402 30748382
v 396427 -85412330 30748199
v 396429 -85414134 30747856
v 396665 -85414679 30747826
v 396656 -85415019 30747808
v 396430 -85415806 30747765
v 396433 -85416787 30747673
v 396432 -85432598 30746713
v 1034050 -85450306 30745669
v 1034048 -85451800 30745581
v 1034047 -85454389 30745429
v 1033878 -85455607 30745357
v 1033877 -85461010 30745039
v 1033882 -85462204 30745016
v 1033880 -85463026 30745016
v 1033879 -85465361 30744924
v 1033992 -85471718 30745051
v 1033876 -85495418 30745419
v 1033573 -85508148 30745648
v 1033267 -85508997 30745671
v 1033572 -85509634 30745695
v 1033268 -85512672 30745710
v 1033260 -85516638 30745652
v 1033261 -85537595 30745773
v 1033266 -85541507 30745875
v 1033263 -85548313 30746531
v 1033264 -85550021 30746916
v 1033256 -85550276 30746967
v 1033248 -85552027 30747333
v 1033251 -85554149 30747768
v 1033252 -85571400 30750655
v 1032090 -85583894 30751934
v 1031501 -85585114 30752026
v 1032076 -85588903 30752484
v 1032116 -85590626 30752682
v 1032088 -85605068 30754334
v 1032041 -85610169 30754973
v 378702 -85621174 30756352
v 378335 -85624930 30756823
v 378336 -85630039 30757420
v 378329 -85639458 30758707
v 378330 -85668326 30762288
v 379031 -85673802 30762355
v 379793 -85674250 30762361
v 379208 -85680621 30762440
v 378318 -85681434 30762450
v 378317 -85681991 30762450
v 378316 -85685043 30762519
v 378315 -85688200 30762519
v 378313 -85688545 30762565
v 378314 -85688805 30762582
v 378311 -85696559 30762610
v 378312 -85700991 30762656
v 378309 -85713516 30762584
v 378471 -85718237 30761830
v 378666 -85719144 30761703
v 378646 -85724036 30761020
v 378645 -85735336 30759904
v 1031668 -85741435 30759924
v 1031442 -85745044 30759977
v 1031443 -85779296 30760457
v 1031479 -85784144 30760420
v 1031478 -85793434 30760177
v 1031473 -85798316 30759765
v 1031477 -85799908 30759651
v 1031639 -85803576 30759291
v 1031447 -85806692 30759022
v 1031446 -85807763 30759056
v 1031453 -85809195 30758953
v 1031452 -85810549 30758758
v 1031444 -85812698 30758552
v 1031454 -85814794 30758345
v 1031455 -85815750 30758231
v 1031499 -85830553 30756657
v 377659 -85831126 30756595
v 377603 -85831990 30756504
v 377602 -85851651 30753274
v 377604 -85853720 30752929
v 379054 -85865364 30748563
v 378762 -85868274 30746975
v 378761 -85884691 30737997
v 378895 -85902478 30728195
v 378872 -85905930 30726565
v 378831 -85908759 30725240
v 378991 -85916862 30721613
v 378837 -85917782 30721177
v 378836 -85924464 30717978
v 378838 -85925260 30717680
v 378874 -85926108 30717382
v 378845 -85927886 30716666
v 378844 -85931758 30715206
v 378846 -85932209 30715022
v 378850 -85935100 30713739
v 378849 -85937859 30712524
v 378851 -85940299 30711516
v 379027 -85944774 30709750
v 379026 -85959100 30703749
v 1027180 -85964195 30701590
v 1027315 -85966121 30700837
v 1027314 -85975457 30698845
v 1027339 -85978376 30698302
v 1025016 -85996973 30694841
v 1025015 -86015565 30691458
v 1024653 -86019060 30690834
v 1025010 -86042955 30690555
v 1025007 -86051537 30690687
v 1025006 -86072929 30691005
v 1025005 -86089487 30691127
v 1024779 -86095326 30691170
v 1024995 -86097363 30691185
v 1024994 -86101479 30691282
v 1024993 -86114015 30691601
v 1024992 -86116817 30691673
v 1024991 -86118475 30691719
v 1024757 -86122644 30692037
v 1023844 -86127189 30692687
v 1023845 -86129452 30692835
v 1023997 -86131176 30692947
v 1023994 -86148347 30695825
v 1023981 -86155845 30701034
v 1023961 -86161962 30705532
v 1023803 -86163517 30706702
v 1023804 -86168078 30710183
v 1023996 -86175219 30715528
v 1023968 -86190038 30722920
v 1023969 -86194230 30723703
v 1023971 -86206845 30725888
v 1023940 -86210655 30727169
v 1023939 -86211583 30727651
v 1023694 -86212247 30727971
v 1023695 -86219762 30734208
v 1023962 -86227746 30741169
v 1023963 -86240841 30747844
v 1023574 -86244598 30748496
v 1023258 -86249944 30748345
v 1021870 -86273268 30749706
v 1021871 -86282872 30749802
v 1023271 -86300239 30746079
v 1023562 -86316088 30740736
v 1023560 -86318918 30739705
v 1023534 -86324661 30737521
v 1023298 -86326089 30736975
v 1023493 -86326782 30736711
v 1023307 -86333488 30734202
v 1023305 -86347042 30732714
v 1023306 -86348555 30732783
v 1023301 -86351340 30732759
v 1023302 -86354020 30732827
v 1023303 -86354577 30732735
v 1023304 -86358516 30732916
v 1023247 -86370151 30733944
v 1023245 -86382702 30731036
v 1023244 -86385902 30730221
v 1023248 -86389372 30729336
v 648151 -86391609 30728765
v 648150 -86401963 30726126
v 648134 -86412190 30723520
v 648133 -86428004 30719308
v 648138 -86435142 30717682
v 647956 -86441267 30717108
v 647954 -86448484 30717798
v 647955 -86453206 30718348
v 647959 -86454082 30718279
v 647952 -86454613 30718233
v 647953 -86464890 30719594
v 647946 -86471750 30720315
v 647947 -86484505 30722218
v 648136 -86492547 30724994
v 647275 -86500504 30726883
v 647276 -86506131 30726966
v 647743 -86510205 30727011
v 647550 -86520639 30727275
v 647551 -86530535 30727329
v 647718 -86532700 30727128
v 647557 -86536778 30726889
v 647556 -86541918 30726795
v 654588 -86543569 30726765
v 654589 -86545688 30726726
v 647554 -86551472 30726621
v 647281 -86556983 30726430
v 647279 -86557411 30726531
v 647603 -86560352 30726246
v 654712 -86564313 30725851
v 647289 -86565508 30725732
v 647288 -86566192 30725706
v 647287 -86568527 30725683
v 647285 -86570225 30725683
v 647286 -86570862 30725706
v 647291 -86576919 30725692
v 647290 -86585029 30725407
v 649117 -86588932 30724185
v 649123 -86592664 30722643
v 647537 -86593356 30721981
v 647135 -86593812 30721546
v 647133 -86596544 30719087
v 647132 -86601153 30716890
v 647541 -86601911 30716675
v 646956 -86604809 30716248
v 646957 -86605078 30716240
v 646954 -86609882 30716093
v 646958 -86614949 30715474
v 647031 -86618158 30714583
v 647029 -86648235 30715737
v 647028 -86670035 30715584
v 647027 -86676909 30715149
v 646971 -86695544 30713569
v 646970 -86733802 30704939
v 647018 -86738358 30703332
v 647021 -86747720 30699765
v 647020 -86749869 30699001
v 646641 -86749956 30698970
v 646583 -86751242 30698624
v 646582 -86753444 30697777
v 646586 -86754133 30697548
v 646590 -86759200 30695808
v 646655 -86767292 30692438
v 646642 -86791905 30685298
v 646598 -86792356 30685183
v 913708 -86792860 30685023
v 913706 -86807869 30680886
v 913705 -86821209 30677415
v 918121 -86843034 30671697
v 913742 -86845905 30671027
v 913730 -86854499 30667389
v 913262 -86862862 30663443
v 913261 -86877439 30656268
v 913263 -86878075 30655947
v 913303 -86879003 30655512
v 913302 -86916415 30637463
v 913305 -86917317 30637073
v 913362 -86918085 30636730
v 913363 -86934547 30628640
v 913790 -86944687 30624931
v 913789 -86960333 30619826
v 914082 -86962771 30619034
v 913794 -86963195 30618909
v 913793 -86965766 30618198
v 913800 -86966154 30618015
v 913799 -86966455 30617762
v 914083 -86969952 30616661
v 914102 -86974911 30613499
v 914104 -86990747 30601425
v 910100 -86997099 30596260
v 910099 -87000400 30593500
v 911134 -87000644 30593322
v 911133 -87000970 30593084
v 910822 -87002986 30591621
v 910821 -87008514 30587280
v 910845 -87012248 30584425
v 910325 -87015628 30581920
v 910324 -87018915 30579343
v 910327 -87019525 30578885
v 910786 -87020081 30578404
v 910380 -87027035 30573122
v 910379 -87031369 30569765
v 910828 -87035053 30566866
v 910404 -87036706 30565663
v 910403 -87038469 30564380
v 910568 -87065829 30543456
v 910662 -87073757 30536952
v 910661 -87083729 30533850
v 910658 -87084179 30533896
v 910656 -87087303 30533896
v 910657 -87090269 30533918
v 910659 -87091063 30533849
v 910660 -87098503 30533886
v 916058 -87102996 30533954
v 916057 -87129344 30530515
v 260194 -87142753 30519027
v 255321 -87155917 30510699
v 255320 -87161769 30506996
v 258524 -87162369 30506596
v 258523 -87162669 30506396
v 258526 -87162969 30506096
v 258522 -87164369 30505196
v 246945 -87168009 30502737
v 246944 -87177042 30501732
v 259604 -87177218 30501732
v 259603 -87177594 30501732
v 258911 -87177772 30501732
v 258910 -87178211 30501736
v 258075 -87180152 30501796
v 258021 -87183570 30501796
v 258034 -87187666 30501924
v 258029 -87189970 30501996
v 255936 -87192070 30502096
v 255935 -87194270 30502296
v 255929 -87194870 30502296
v 255919 -87196169 30502352
v 255879 -87197170 30502396
v 255878 -87200270 30502496
v 255812 -87201570 30502496
v 255743 -87205370 30502596
v 255742 -87206859 30502596
v 255738 -87208270 30502696
v 255737 -87210971 30502796
v 259594 -87213571 30502868
v 255715 -87214742 30502901
v 255714 -87218171 30502996
v 255414 -87219971 30502996
v 246575 -87221471 30503096
v 255402 -87228271 30503196
v 255397 -87229871 30503196
v 255348 -87231852 30503242
v 255347 -87235471 30503296
v 255346 -87237571 30503396
v 259679 -87245972 30503496
v 252249 -87249801 30503564
v 252248 -87254272 30503696
v 252149 -87257972 30503696
v 259354 -87258574 30503696
v 252152 -87260105 30503696
v 252148 -87260172 30503696
v 252144 -87261072 30503296
v 252142 -87262972 30502796
v 252141 -87263972 30502496
v 252127 -87265572 30502396
v 252115 -87266472 30502596
v 252113 -87267972 30502896
v 252114 -87268870 30503110
v 251955 -87269470 30503383
v 251954 -87271172 30503995
v 259585 -87271954 30504053
v 251913 -87272969 30504128
v 251860 -87283073 30505195
v 251131 -87288473 30507795
v 250143 -87296838 30512470
v 250092 -87302174 30515595
v 250090 -87309474 30519795
v 250086 -87311088 30520767
v 250081 -87312582 30521763
v 250067 -87314950 30523107
v 247156 -87315398 30523379
v 247155 -87328031 30530803
v 249982 -87329010 30531378
v 249980 -87330263 30532115
v 249977 -87331159 30532691
v 249964 -87334071 30534835
v 249963 -87336231 30536483
v 249962 -87337799 30537619
v 249655 -87339175 30538530
v 249656 -87356832 30549934
v 259583 -87356866 30549956
v 249654 -87360440 30552322
v 249650 -87362584 30553634
v 248697 -87379952 30563808
v 248595 -87385776 30565587
v 248470 -87386333 30565748
v 248466 -87386438 30566527
v 248467 -87397621 30584435
v 248442 -87396300 30589392
v 248443 -87396272 30589760
v 248439 -87395458 30596157
v 248450 -87394971 30597931
v 248452 -87394343 30599558
v 248453 -87399545 30600921
v 248702 -87400516 30601427
v 305 -87403807 30603649
v 187 -87408649 30607630
v 188 -87404198 30606552
v 311 -87399221 30610389
v 175 -87398285 30616451
v 176 -87397805 30618002
