v 593824 -80670365 25375393
v 593823 -80670294 25360549
v 593822 -80662670 25360479
v 593869 -80646613 25367632
v 593819 -80646585 25374910
v 593818 -80642804 25374903
v 593817 -80638631 25374897
v 593784 -80638575 25389360
v 593785 -80639914 25389360
v 593815 -80643373 25389361
v 593816 -80646934 25389362
v 593803 -80650065 25389386
v 593801 -80661352 25389366
v 593802 -80670294 25389344
v 593775 -80689583 25389299
v 593774 -80692134 25402007
v 593770 -80697666 25424761
v 593753 -80715548 25422556
v 593752 -80720931 25435401
v 593751 -80748519 25433536
v 593750 -80771393 25427966
v 593759 -80801077 25392717
v 593758 -80815192 25341490
v 593757 -80798639 25321819
v 593756 -80797896 25322462
v 593875 -80746647 25329252
v 593876 -80743235 25329248
v 593877 -80731575 25329237
v 593881 -80719843 25329226
v 593880 -80708713 25329217
v 593879 -80697712 25329189
v 593873 -80675700 25329207
v 593871 -80670863 25330014
v 593872 -80670476 25330247
v 594145 -80621283 25375393
v 595755 -80617483 25381192
v 595745 -80609283 25381992
v 595744 -80606883 25381992
v 595741 -80605483 25381992
v 595740 -80586882 25391892
v 596942 -80580482 25394792
v 595712 -80580082 25394992
v 594054 -80573782 25397692
v 593910 -80572782 25398092
v 593911 -80572382 25398192
v 593901 -80565981 25400991
v 593902 -80565681 25401091
v 593903 -80564881 25401391
v 593904 -80562781 25402391
v 593905 -80560581 25403291
v 593884 -80559164 25403496
v 593908 -80558581 25403491
v 596957 -80558146 25403517
v 596955 -80553882 25403665
v 596953 -80549881 25403591
v 596951 -80546881 25403591
v 596950 -80541681 25403591
v 597029 -80539781 25403591
v 597035 -80537581 25403591
v 597036 -80533580 25403591
v 597928 -80529586 25403613
v 597934 -80527480 25404691
v 597935 -80525814 25406117
v 597002 -80524580 25407191
v 593921 -80524024 25407698
v 593922 -80523680 25407991
v 593927 -80523361 25408279
v 593929 -80521580 25409891
v 593930 -80519880 25411491
v 593931 -80518080 25413491
v 593932 -80517680 25413891
v 597906 -80515180 25416191
v 597907 -80515080 25416391
v 631248 -80512580 25418691
v 597921 -80509770 25418691
v 597920 -80507591 25418682
v 597919 -80505459 25418673
v 597918 -80503654 25418689
v 597917 -80501201 25418687
v 597915 -80501353 25420712
v 597916 -80501479 25422390
v 597972 -80501579 25424190
v 597968 -80501555 25426444
v 597911 -80501592 25426463
v 597912 -80501579 25430021
v 597578 -80501579 25433090
v 597577 -80501579 25434190
v 597587 -80501573 25435913
v 597586 -80501542 25437855
v 597584 -80501541 25438901
v 597583 -80501603 25439565
v 597582 -80501633 25440312
v 597580 -80501679 25444390
v 597570 -80501579 25447689
v 597576 -80497379 25447689
v 597575 -80493479 25447689
v 597765 -80492479 25447689
v 597766 -80491379 25447589
v 597785 -80490779 25447589
v 597821 -80489179 25447689
v 597831 -80487379 25447689
v 597832 -80485379 25447689
v 597839 -80483396 25447804
v 620578 -80482079 25447789
v 620577 -80480779 25447789
v 620710 -80479579 25447789
v 620695 -80479179 25447789
v 620694 -80479031 25447789
v 620692 -80478679 25447789
v 620698 -80477279 25447789
v 620723 -80477278 25448849
v 620709 -80477279 25449189
v 620707 -80477279 25449889
v 620708 -80477278 25450196
v 620665 -80477279 25450689
v 620667 -80477262 25451084
v 620668 -80477278 25453390
v 620669 -80477279 25454689
v 620585 -80477278 25455123
v 620670 -80475579 25455089
v 620653 -80475569 25455592
v 620654 -80475479 25459989
v 620660 -80475479 25460489
v 620661 -80475479 25461789
v 620620 -80475479 25462389
v 620621 -80475079 25464289
v 620622 -80474396 25465911
v 620623 -80474279 25466189
v 620624 -80474479 25466889
v 620625 -80473479 25467789
v 620626 -80472479 25468689
v 620432 -80471178 25469788
v 620399 -80470642 25470248
v 620395 -80469578 25470988
v 620392 -80469078 25471388
v 620391 -80465978 25477188
v 620369 -80463778 25480888
v 620352 -80461378 25484288
v 620347 -80460978 25484588
v 620346 -80456684 25489083
v 620345 -80453878 25491988
v 620833 -80453078 25491988
v 617978 -80452478 25493287
v 617977 -80451328 25494437
v 617976 -80450228 25495537
v 617975 -80446478 25499287
v 618002 -80445378 25500387
v 618024 -80445078 25500687
v 618067 -80443878 25501987
v 618043 -80442678 25502987
v 618042 -80441378 25504287
v 618041 -80440878 25504787
v 618040 -80439978 25505787
v 618039 -80439178 25506587
v 618062 -80436978 25508787
v 618052 -80434977 25510987
v 618053 -80432277 25513287
v 619351 -80432277 25513587
v 619353 -80430777 25515187
v 619356 -80429977 25515987
v 619359 -80429777 25516087
v 619358 -80427977 25517886
v 619357 -80427477 25518486
v 619160 -80426277 25519686
v 619159 -80425335 25520684
v 619149 -80424577 25521486
v 619150 -80423077 25523786
v 617872 -80422777 25524186
v 617871 -80421877 25525286
v 619124 -80420877 25526286
v 619123 -80419877 25527186
v 619122 -80416777 25530286
v 619119 -80415277 25531886
v 619118 -80414577 25532586
v 619239 -80412669 25534396
v 619238 -80411577 25535286
v 619237 -80410577 25536286
v 619300 -80408777 25538086
v 619299 -80407677 25539186
v 619321 -80407377 25539885
v 619771 -80405277 25541885
v 595305 -80404477 25542685
v 595293 -80403072 25544090
v 595294 -80402383 25544779
v 595295 -80401977 25545185
v 595296 -80400677 25546585
v 618932 -80396476 25550785
v 618935 -80396276 25550985
v 618942 -80396076 25551185
v 619001 -80394976 25552285
v 619000 -80394076 25553185
v 619002 -80392376 25554885
v 619008 -80389976 25557285
v 618914 -80388876 25558485
v 618930 -80387876 25559385
v 618929 -80386876 25560485
v 618928 -80385176 25562185
v 618982 -80384376 25562985
v 618981 -80383476 25563884
v 618984 -80382576 25564884
v 618983 -80381576 25565884
v 621960 -80380476 25566984
v 621959 -80379576 25567984
v 621958 -80378576 25568884
v 621940 -80376976 25570484
v 621938 -80376176 25571384
v 621939 -80374276 25573284
v 621937 -80372276 25575384
v 621944 -80368376 25579184
v 621982 -80365976 25581684
v 621981 -80364776 25582984
v 621980 -80362775 25585284
v 621979 -80358875 25589283
v 622006 -80356975 25592283
v 622005 -80356675 25592883
v 614782 -80355175 25595783
v 614750 -80354175 25598283
v 614749 -80353175 25600383
v 614748 -80352375 25602083
v 614747 -80351875 25603383
v 614752 -80351475 25603983
v 614757 -80351075 25604983
v 614756 -80350675 25605783
v 614758 -80350339 25606629
v 614729 -80349901 25607505
v 614660 -80349475 25608283
v 614659 -80348582 25611408
v 614658 -80348475 25611783
v 614657 -80347775 25612983
v 614656 -80347075 25613583
v 614666 -80346375 25615482
v 614665 -80345619 25619022
v 621230 -80343441 25623500
v 614496 -80343032 25624243
v 614495 -80342848 25624576
v 614492 -80342475 25625282
v 614444 -80340975 25628482
v 614443 -80339275 25632182
v 614412 -80337475 25635982
v 614411 -80336175 25638882
v 614410 -80333774 25643681
v 614415 -80333374 25645481
v 614414 -80333174 25646281
v 614423 -80332274 25647481
v 614422 -80331174 25649381
v 614421 -80330774 25651181
v 615508 -80328874 25654881
v 615495 -80327274 25658681
v 615485 -80325274 25662781
v 615459 -80323774 25666181
v 615458 -80322774 25668080
v 615318 -80321774 25670380
v 615317 -80321274 25671280
v 615309 -80320274 25673580
v 615308 -80319374 25675480
v 615307 -80318174 25677880
v 615306 -80317874 25678580
v 615305 -80317474 25679280
v 615304 -80315374 25682780
v 615331 -80314066 25683917
v 615273 -80313074 25684780
v 615272 -80311274 25686280
v 615271 -80310874 25686580
v 615269 -80308173 25688580
v 615359 -80307350 25689340
v 615358 -80305573 25690980
v 615357 -80304773 25691680
v 615823 -80303779 25692475
v 615822 -80303273 25692880
v 615821 -80302373 25693579
v 615834 -80300973 25694779
v 615840 -80298773 25696379
v 611302 -80296773 25698079
v 611301 -80296073 25698679
v 611279 -80293373 25701079
v 611278 -80291773 25702379
v 611277 -80290873 25703179
v 611276 -80289673 25704179
v 611282 -80288773 25704979
v 611281 -80287573 25705979
v 611280 -80287373 25706079
v 611275 -80285573 25707779
v 611320 -80283873 25708979
v 611319 -80283073 25709579
v 611318 -80281773 25710579
v 611317 -80279973 25712079
v 611316 -80279673 25712279
v 624604 -80279573 25712579
v 624601 -80277173 25714579
v 624598 -80275172 25715679
v 624599 -80273572 25716979
v 624605 -80272372 25718079
v 624636 -80270872 25719478
v 624667 -80270572 25719478
v 624666 -80269472 25720478
v 624634 -80266772 25722778
v 624633 -80266472 25722978
v 624632 -80265972 25723378
v 624556 -80265772 25723578
v 624555 -80264572 25724178
v 624554 -80263652 25724876
v 624553 -80261672 25726378
v 624541 -80260572 25727278
v 624540 -80259672 25727978
v 624539 -80258872 25728678
v 624538 -80258072 25729278
v 624537 -80257772 25729478
v 624536 -80255872 25731033
v 624535 -80255572 25731278
v 624534 -80253572 25732778
v 625253 -80252472 25733778
v 625254 -80251972 25734378
v 625242 -80251172 25734678
v 625243 -80250772 25734978
v 625245 -80245871 25736878
v 625281 -80243671 25737678
v 625225 -80242871 25737978
v 625226 -80241871 25738378
v 625356 -80241071 25738678
v 577027 -80237771 25739778
v 577026 -80236771 25740278
v 577025 -80235971 25740478
v 577024 -80233771 25741278
v 577023 -80231671 25742078
v 577022 -80229871 25742578
v 579065 -80225871 25744078
v 579072 -80224471 25744577
v 579083 -80221771 25745577
v 579079 -80221771 25745777
v 579152 -80219770 25746277
v 579153 -80211570 25749277
v 579197 -80210370 25749677
v 579196 -80208251 25750360
v 578960 -80205770 25752177
v 578954 -80204870 25752877
v 578953 -80203170 25753977
v 578959 -80202454 25754597
v 578958 -80201595 25755342
v 578957 -80201007 25755852
v 578237 -80200170 25756577
v 578236 -80200070 25756977
v 578948 -80199770 25758377
v 578941 -80199770 25758577
v 578922 -80199770 25759577
v 578918 -80199870 25760777
v 578919 -80199970 25760977
v 578921 -80200170 25761877
v 578920 -80200170 25762077
v 578908 -80200170 25763077
v 578816 -80200270 25763377
v 578802 -80200270 25764877
v 578801 -80200270 25765177
v 578764 -80200170 25765977
v 578765 -80200170 25766877
v 578766 -80200070 25767877
v 578777 -80199970 25768877
v 578768 -80199570 25769877
v 578757 -80199470 25770177
v 578758 -80199370 25770477
v 578769 -80199270 25770777
v 578770 -80199170 25771776
v 578771 -80199170 25771930
v 578753 -80199170 25772176
v 578747 -80199270 25772976
v 578745 -80199370 25773676
v 578744 -80199470 25774076
v 578726 -80199570 25774476
v 578725 -80199770 25774776
v 578735 -80199870 25775676
v 578733 -80199870 25776676
v 578456 -80199870 25777676
v 578457 -80199870 25778476
v 578451 -80199970 25779476
v 578428 -80199970 25780476
v 578427 -80200070 25781376
v 578423 -80200970 25783276
v 577714 -80201570 25784276
v 577716 -80201970 25784676
v 578378 -80202070 25784876
v 578379 -80202570 25785576
v 577696 -80203970 25787376
v 577695 -80204170 25787776
v 577681 -80204270 25788076
v 577680 -80204470 25788276
v 577568 -80204770 25788676
v 577567 -80205070 25789676
v 577557 -80205470 25791376
v 577555 -80205470 25792676
v 577550 -80205570 25795176
v 577487 -80205470 25796876
v 577492 -80205570 25797776
v 577514 -80205570 25798876
v 577515 -80205570 25799575
v 577516 -80205570 25801135
v 577517 -80205570 25801729
v 573325 -80205570 25802475
v 573297 -80205770 25803475
v 573302 -80205770 25806275
v 573308 -80205770 25807575
v 573312 -80205870 25808975
v 573276 -80205770 25809475
v 573248 -80205970 25810575
v 573249 -80206070 25811975
v 573252 -80205970 25812275
v 573253 -80205970 25812575
v 573140 -80205970 25813375
v 573141 -80206070 25814175
v 573142 -80206070 25814775
v 573143 -80206076 25814926
v 573108 -80206052 25817475
v 573078 -80206070 25818075
v 573079 -80206357 25822190
v 591046 -80206370 25822998
v 573081 -80206370 25823975
v 573068 -80206470 25824875
v 572670 -80206170 25828474
v 572671 -80205770 25829574
v 572673 -80205870 25832174
v 572636 -80205870 25833174
v 572637 -80205952 25834074
v 572630 -80205970 25834274
v 572627 -80205970 25834674
v 572628 -80206173 25835876
v 572620 -80206170 25837374
v 572619 -80206170 25838274
v 572617 -80206170 25839474
v 572583 -80206170 25840674
v 572580 -80206170 25841274
v 572492 -80206270 25841874
v 572497 -80206270 25842517
v 572496 -80206270 25842531
v 572503 -80206270 25843274
v 572486 -80206570 25845074
v 572487 -80207070 25846974
v 572474 -80207170 25847374
v 572446 -80207170 25848774
v 571546 -80207270 25850474
v 571545 -80207470 25853574
v 571539 -80207470 25853974
v 571537 -80207470 25854374
v 571538 -80207570 25855273
v 571552 -80207670 25856973
v 571551 -80207574 25858066
v 571548 -80207670 25859473
v 571549 -80207770 25860373
v 571550 -80207770 25861673
v 571473 -80207870 25864373
v 571471 -80207888 25864667
v 571472 -80207895 25864773
v 591039 -80207932 25865373
v 591038 -80207937 25865452
v 591036 -80207983 25866183
v 591034 -80208021 25866787
v 571465 -80208070 25867573
v 571444 -80208170 25868973
v 571445 -80208170 25870373
v 582396 -80208211 25870873
v 582397 -80208217 25870944
v 591030 -80208278 25871673
v 582391 -80208370 25872773
v 582392 -80208420 25873373
v 591027 -80208478 25874073
v 591023 -80208520 25874573
v 591024 -80208587 25875373
v 588480 -80208670 25876373
v 588482 -80208772 25877293
v 591213 -80208872 25878194
v 591209 -80208970 25879073
v 588368 -80209070 25879973
v 588356 -80209070 25880673
v 588362 -80209083 25880773
v 588360 -80209144 25881258
v 588361 -80209158 25881373
v 588352 -80209170 25881473
v 588322 -80209370 25883572
v 588324 -80209370 25884499
v 588328 -80209370 25885272
v 588315 -80209370 25885472
v 588316 -80209370 25886272
v 588310 -80209370 25886372
v 588207 -80209470 25889072
v 588208 -80209538 25890907
v 588209 -80209570 25891772
v 588210 -80209673 25892699
v 588211 -80209784 25893701
v 588200 -80209870 25894472
v 588201 -80209770 25895372
v 588197 -80209970 25897972
v 588180 -80209970 25899472
v 586367 -80210070 25901672
v 586366 -80210170 25905372
v 586470 -80210274 25907822
v 586480 -80210370 25910072
v 586277 -80210570 25912671
v 586394 -80211370 25912671
v 586334 -80211870 25912571
v 586395 -80211870 25913759
v 586294 -80211870 25914671
v 586245 -80211870 25915471
v 586243 -80211870 25915971
v 586244 -80211770 25916371
v 586287 -80211812 25916886
v 586285 -80211828 25917083
v 586283 -80211907 25918054
v 586284 -80212070 25920971
v 586288 -80211970 25924771
v 585248 -80211770 25925471
v 585249 -80211770 25925971
v 585854 -80212070 25928171
v 586356 -80211570 25928571
v 586355 -80210770 25929171
v 586353 -80210370 25929471
v 586352 -80209470 25930271
v 585839 -80209170 25930571
v 585840 -80210070 25930771
v 585841 -80212570 25931871
v 585842 -80215370 25933871
v 584820 -80221570 25941570
v 584843 -80224670 25945270
v 584842 -80227170 25948370
v 583610 -80229370 25951170
v 583611 -80229449 25951851
v 584648 -80229870 25955470
v 583771 -80229870 25955670
v 583603 -80230070 25960070
v 583604 -80230117 25961898
v 585389 -80230022 25971382
v 593159 -80230030 25971723
v 105069 -80229770 25972269
v 105009 -80229770 25972392
v 104676 -80229870 25976069
v 104673 -80230170 25981769
v 104746 -80227170 25991669
v 104753 -80224470 25995068
v 118680 -80223770 25995768
v 113348 -80223270 25996268
v 104716 -80222210 25997290
v 104715 -80220470 25998968
v 113299 -80220370 25999088
v 113298 -80219138 26000308
v 103314 -80218267 26001082
v 103313 -80218170 26001168
v 118678 -80217775 26001721
v 103334 -80217058 26002568
v 103333 -80215670 26004468
v 103332 -80215269 26005168
v 103331 -80215069 26005768
v 103327 -80214769 26006268
v 103326 -80214369 26006868
v 103337 -80213769 26008468
v 93207 -80213369 26009868
v 118673 -80213287 26010610
v 118672 -80213269 26010768
v 118671 -80213069 26011848
v 118670 -80213069 26012268
v 118669 -80213057 26012368
v 118668 -80212990 26012898
v 118667 -80212969 26013068
v 118665 -80212904 26013459
v 118664 -80212869 26013768
v 118663 -80212869 26014468
v 118666 -80212869 26014568
v 118662 -80212965 26015918
v 118661 -80212990 26016136
v 93140 -80213063 26016819
v 93103 -80212969 26017568
v 118658 -80213069 26018168
v 118660 -80213060 26018233
v 118659 -80212969 26018868
v 118657 -80212990 26019036
v 118656 -80213057 26019568
v 118655 -80213069 26019668
v 118654 -80213069 26020218
v 118653 -80213069 26020268
v 118652 -80213169 26021067
v 93027 -80213169 26021967
v 93024 -80213269 26024667
v 92996 -80213272 26024767
v 92994 -80213469 26032067
v 92648 -80213655 26035687
v 92647 -80213669 26035967
v 92629 -80213913 26038732
v 92620 -80213969 26039367
v 115897 -80214465 26042999
v 92568 -80214768 26046447
v 92473 -80214769 26046467
v 92469 -80214869 26050566
v 92468 -80214969 26053566
v 92467 -80214969 26054266
v 91608 -80214969 26054866
v 91609 -80215376 26062537
v 91605 -80215469 26065466
v 91607 -80215469 26065766
v 91560 -80215369 26066066
v 91559 -80215969 26082165
v 91554 -80215969 26083465
v 91553 -80216069 26084365
v 91550 -80216069 26084665
v 91220 -80216169 26086165
v 91215 -80216369 26091265
v 91217 -80216369 26091465
v 91197 -80216898 26094993
v 91196 -80217269 26097465
v 90975 -80217576 26101236
v 90971 -80217969 26106064
v 113003 -80218221 26110411
v 112839 -80218262 26111118
v 112838 -80218354 26112705
v 112840 -80218369 26112964
v 87382 -80218345 26113564
v 87380 -80218069 26120464
v 87373 -80217969 26120764
v 87296 -80218969 26135463
v 87294 -80218969 26135863
v 86959 -80219069 26137163
v 86960 -80219069 26137502
v 124092 -80219069 26139073
v 86957 -80219069 26139663
v 86953 -80219094 26140347
v 86952 -80219069 26141363
v 86927 -80219169 26142163
v 86926 -80219269 26146163
v 86833 -80219315 26150441
v 85701 -80219369 26155462
v 85657 -80219569 26164562
v 85614 -80219769 26172762
v 85610 -80219269 26178862
v 85460 -80210869 26191761
v 85507 -80208969 26194061
v 85508 -80208469 26194761
v 85493 -80207869 26195361
v 85492 -80206469 26197061
v 86053 -80203969 26200161
v 86052 -80202369 26202061
v 86055 -80201642 26202878
v 86051 -80200769 26203861
v 86054 -80195469 26210060
v 76274 -80188069 26219103
v 76273 -80187368 26219960
v 122167 -80184820 26222677
v 76281 -80184585 26222928
v 76272 -80184368 26223160
v 76271 -80179868 26228560
v 76481 -80178068 26230760
v 76278 -80177910 26230961
v 76268 -80177515 26231460
v 76392 -80176568 26232659
v 76382 -80167768 26245159
v 76381 -80166968 26247959
v 76380 -80166768 26249359
v 76379 -80166768 26249659
v 109668 -80166568 26251159
v 109646 -80166568 26252159
v 108785 -80167268 26259858
v 108776 -80169068 26274158
v 108773 -80169067 26281758
v 108772 -80169169 26288962
v 116681 -80169530 26302655
v 116960 -80169606 26305559
v 108717 -80169611 26305739
v 108713 -80169667 26307857
v 108186 -80169729 26309904
v 108184 -80169967 26317756
v 108170 -80170066 26327650
v 108169 -80170067 26327756
v 728550 -80170295 26331046
v 728549 -80170567 26334956
v 739093 -80170570 26335052
v 739092 -80170732 26340670
v 728552 -80170781 26342368
v 728551 -80170867 26348855
v 728325 -80170867 26349355
v 739091 -80170936 26357355
v 739090 -80170999 26364054
v 728327 -80171012 26364761
v 727600 -80171067 26367755
v 727599 -80170967 26373154
v 727598 -80170967 26374465
v 723994 -80171067 26375554
v 723996 -80171067 26376654
v 739095 -80171173 26379707
v 739094 -80171331 26384252
v 727603 -80171579 26391404
v 727602 -80171667 26393954
v 723858 -80171657 26394369
v 723857 -80171667 26401253
v 721615 -80171867 26408653
v 721617 -80171867 26409253
v 721618 -80171867 26417053
v 718596 -80171867 26424052
v 718595 -80172767 26431552
v 718598 -80174367 26438952
v 718658 -80174667 26446152
v 721532 -80174967 26453451
v 721525 -80174967 26453751
v 721524 -80175062 26455651
v 721523 -80175067 26457427
v 718592 -80175067 26458551
v 718591 -80175167 26459351
v 720874 -80175167 26461351
v 718562 -80175167 26468751
v 718556 -80173767 26476151
v 714377 -80172667 26483750
v 714376 -80172670 26483960
v 718554 -80172867 26520049
v 719181 -80172867 26525190
v 719175 -80172867 26527749
v 719174 -80172867 26538748
v 718502 -80172967 26542648
v 718409 -80173067 26550048
v 718410 -80173166 26557431
v 718441 -80173267 26564947
v 718418 -80173267 26572347
v 718419 -80173367 26579947
v 718700 -80173367 26587147
v 718699 -80173467 26590646
v 718705 -80173567 26595046
v 718702 -80173667 26602646
v 715346 -80173767 26617246
v 715345 -80173767 26617545
v 715352 -80173867 26619945
v 715353 -80173867 26621345
v 715441 -80173867 26621774
v 715351 -80173867 26623045
v 715350 -80173867 26624685
v 715347 -80173867 26624745
v 714971 -80173867 26626545
v 714970 -80173967 26632045
v 714991 -80174067 26639745
v 714992 -80174067 26643392
v 714993 -80174167 26650744
v 715174 -80174167 26661644
v 730245 -80174167 26662635
v 730240 -80172667 26669344
v 730241 -80170095 26673139
v 714951 -80166766 26678443
v 714950 -80166466 26678843
v 715168 -80166266 26679143
v 753729 -80155566 26692143
v 753714 -80148466 26698837
v 753713 -80146666 26700843
v 753712 -80145766 26701803
v 753694 -80140866 26707542
v 753695 -80138999 26709542
v 753950 -80138665 26710242
v 753892 -80138160 26710851
v 753891 -80137565 26711942
v 753903 -80137456 26712158
v 753902 -80137094 26712791
v 759449 -80136360 26715515
v 763583 -80136265 26718642
v 753850 -80136235 26719646
v 753849 -80136165 26721942
v 758368 -80136017 26730219
v 758367 -80135965 26735441
v 752253 -80135184 26745307
v 752080 -80135165 26745541
v 752081 -80134965 26749341
v 752224 -80134765 26750641
v 752223 -80134274 26759556
v 752106 -80134265 26759740
v 752107 -80131969 26795480
v 752116 -80131965 26796339
v 750850 -80131958 26796489
v 748303 -80131365 26809839
v 748302 -80130939 26820139
v 750781 -80130165 26838838
v 760542 -80130067 26841582
v 760541 -80130065 26842841
v 750810 -80130065 26843738
v 750809 -80129973 26844930
v 750797 -80129462 26861543
v 750789 -80129450 26861976
v 750788 -80129365 26865137
v 749340 -80130865 26883037
v 749342 -80137338 26896882
v 749343 -80137446 26897088
v 749344 -80144360 26910525
v 744351 -80144461 26910778
v 758473 -80151214 26928098
v 758450 -80151307 26928339
v 749509 -80151374 26928514
v 749000 -80151765 26929435
v 748990 -80153666 26934635
v 748989 -80153818 26934935
v 748984 -80153966 26935135
v 748983 -80154697 26937001
v 749514 -80155228 26938391
v 748986 -80155490 26939210
v 748985 -80156480 26941036
v 562476 -80167166 26956534
v 562412 -80178746 26972359
v 560507 -80183966 26979733
v 560415 -80239356 27043092
v 560349 -80239330 27043734
v 560342 -80239382 27044422
v 560343 -80241048 27058581
v 560128 -80247875 27074298
v 560129 -80249263 27077289
v 559778 -80251402 27081934
v 559774 -80251982 27083386
v 559775 -80264687 27104707
v 559695 -80264885 27104960
v 559504 -80265046 27105166
v 559502 -80265430 27105556
v 559503 -80274036 27116338
v 559448 -80274574 27117071
v 559449 -80274688 27117236
v 559712 -80274920 27117572
v 559710 -80275280 27118093
v 559711 -80276505 27119866
v 563556 -80280133 27125328
v 561648 -80282296 27128464
v 561628 -80293641 27145319
v 561497 -80294635 27146792
v 561498 -80300475 27155353
v 561558 -80301864 27157479
v 561557 -80302069 27157823
v 561464 -80302299 27158190
v 561458 -80302684 27158718
v 561447 -80303581 27160024
v 561448 -80304086 27160792
v 561420 -80304581 27161514
v 561399 -80305068 27162111
v 556987 -80307086 27165139
v 556988 -80309584 27168937
v 557043 -80312081 27172597
v 557065 -80313297 27174356
v 561274 -80313355 27174444
v 561576 -80314539 27176221
v 561567 -80320046 27184420
v 561568 -80331548 27205151
v 561973 -80331766 27205558
v 561974 -80331853 27205720
v 900679 -80333501 27209210
v 900680 -80340871 27225013
v 905123 -80342658 27231077
v 905124 -80342999 27232337
v 904250 -80344813 27239049
v 903113 -80347745 27249895
v 899425 -80347782 27250031
v 899424 -80347890 27250430
v 899421 -80349716 27256692
v 899407 -80350163 27258223
v 899404 -80352141 27262315
v 899405 -80352264 27262479
v 899181 -80352372 27262623
v 898045 -80358072 27273122
v 898046 -80363639 27282768
v 898035 -80369146 27292310
v 898036 -80369644 27293177
v 897895 -80369939 27293678
v 897896 -80372896 27299081
v 902242 -80374352 27304596
v 897712 -80374395 27312096
v 892575 -80374745 27317142
v 892574 -80374765 27317625
v 902229 -80374681 27322663
v 897671 -80374429 27337808
v 897059 -80374426 27337982
v 897058 -80374349 27345077
v 897057 -80374349 27350156
v 897056 -80374349 27352416
v 903739 -80374622 27354065
v 891326 -80374773 27354407
v 891327 -80383899 27374050
v 892226 -80383941 27374194
v 891222 -80384053 27374577
v 892231 -80384463 27374950
v 892230 -80384657 27375319
v 894317 -80386452 27379200
v 894302 -80386620 27379647
v 894303 -80387574 27381470
v 894293 -80387724 27381757
v 894294 -80391126 27388827
v 894483 -80394679 27396205
v 894552 -80394202 27396576
v 894553 -80392989 27397721
v 894555 -80391214 27399914
v 903824 -80391009 27400208
v 894556 -80390204 27401570
v 894557 -80389244 27403899
v 894558 -80388660 27406622
v 894559 -80388237 27410894
v 894560 -80388187 27412941
v 894570 -80388210 27414939
v 894544 -80388217 27415911
v 894540 -80388218 27416019
v 894619 -80388218 27416089
v 894572 -80388221 27416571
v 894543 -80388224 27417725
v 894542 -80388223 27418216
v 894568 -80388222 27419423
v 904225 -80388231 27420388
v 894539 -80388233 27420655
v 894538 -80388244 27421789
v 894537 -80388250 27422464
v 894535 -80388279 27425705
v 893996 -80388313 27429044
v 894532 -80388365 27433236
v 894531 -80388890 27436463
v 894534 -80389608 27440173
v 896242 -80389746 27440303
v 894809 -80392172 27446204
v 894803 -80392813 27447673
v 894799 -80393453 27449165
v 894797 -80394416 27451408
v 894793 -80398764 27455035
v 894788 -80398978 27455142
v 894787 -80399176 27455211
v 894786 -80403388 27457748
v 894783 -80407431 27459815
v 894740 -80407660 27460113
v 894717 -80416144 27462787
v 894716 -80426612 27469519
v 894714 -80427207 27470106
v 894715 -80427307 27470227
v 894713 -80427482 27470438
v 894660 -80434975 27484797
v 894661 -80436784 27489305
v 894668 -80444373 27506653
v 901889 -80445115 27508643
v 901885 -80446624 27512137
v 901884 -80447104 27513318
v 901875 -80447414 27514112
v 901743 -80447717 27514696
v 901745 -80448096 27515679
v 901873 -80450550 27520382
v 901864 -80450901 27520926
v 901670 -80451189 27521414
v 901671 -80453468 27524914
v 901612 -80454276 27525908
v 901600 -80454842 27526916
v 901601 -80455749 27528280
v 901855 -80455956 27528591
v 901803 -80456154 27528888
v 901804 -80460190 27533756
v 901850 -80462013 27535890
v 892831 -80463847 27538037
v 901800 -80464389 27538693
v 901847 -80464474 27538796
v 901844 -80466339 27541054
v 901841 -80468417 27543570
v 901840 -80470346 27545907
v 901838 -80471041 27546749
v 901831 -80472575 27548606
v 901830 -80473342 27549640
v 901820 -80474278 27550784
v 901815 -80477494 27554719
v 901125 -80479687 27557402
v 388717 -80480261 27558105
v 388668 -80480387 27558259
v 383732 -80486791 27565988
v 383733 -80496206 27580360
v 388638 -80497651 27583182
v 388639 -80498072 27584002
v 388577 -80499466 27587256
v 388578 -80499708 27587578
v 387251 -80499776 27587669
v 387250 -80500163 27587966
v 387147 -80500434 27588654
v 383905 -80504068 27595552
v 383906 -80504502 27596411
v 387307 -80505602 27598706
v 387299 -80507396 27602301
v 384253 -80507542 27602596
v 384252 -80508811 27605113
v 387294 -80509330 27606086
v 387296 -80509858 27607161
v 387255 -80511053 27609595
v 387256 -80511196 27609892
v 387102 -80512390 27612370
v 387104 -80512877 27613312
v 387252 -80514653 27617049
v 387253 -80515562 27624261
v 383819 -80515680 27626912
v 383770 -80516988 27637117
v 383763 -80517374 27638218
v 383764 -80517558 27638701
v 383738 -80517811 27639364
v 383817 -80519330 27639342
v 389888 -80521535 27639317
v 386520 -80522860 27639313
v 386686 -80523826 27639310
v 383756 -80527051 27639301
v 383753 -80528393 27639298
v 383755 -80528726 27639299
v 383752 -80529011 27639299
v 383749 -80533079 27639322
v 383748 -80534495 27639346
v 383745 -80536555 27639346
v 383746 -80536883 27639359
v 383742 -80537147 27639369
v 383740 -80538872 27639369
v 383741 -80552573 27639606
v 384203 -80553117 27639584
v 383729 -80569384 27639761
v 383730 -80578009 27639760
v 383731 -80578283 27639764
v 384199 -80582217 27639817
v 384198 -80586639 27639877
v 384196 -80590487 27639930
v 383720 -80594616 27639987
v 383721 -80594750 27639987
v 384195 -80598890 27640008
v 383715 -80599096 27640009
v 383716 -80602977 27640052
v 383706 -80607130 27640098
v 383707 -80610676 27640117
v 384193 -80610963 27640118
v 383702 -80611353 27640120
v 383703 -80615530 27640163
v 384192 -80619768 27640206
v 383700 -80619952 27640208
v 383175 -80628672 27640313
v 382722 -80643430 27640419
v 382721 -80767119 27641634
v 382720 -80769617 27641773
v 379812 -80776168 27645822
v 382759 -80784136 27653012
v 382764 -80786427 27654983
v 382715 -80790263 27658356
v 382714 -80803447 27670074
v 382710 -80806975 27672620
v 382711 -80819934 27679047
v 382885 -80836087 27681670
v 382706 -80837756 27681676
v 382707 -80840756 27681686
v 382704 -80861531 27681761
v 382705 -80873484 27683096
v 709575 -80878759 27687375
v 709576 -80880446 27688738
v 709564 -80889189 27693547
v 709559 -80892073 27694832
v 709557 -80893232 27695383
v 709553 -80894855 27696048
v 709537 -80894982 27699740
v 709538 -80894956 27700818
v 709528 -80895033 27702079
v 709529 -80895097 27705765
v 709591 -80898352 27714050
v 709592 -80904817 27720151
v 709509 -80912443 27727284
v 709593 -80919503 27733614
v 709594 -80926370 27739836
v 709601 -80932338 27745243
v 709623 -80934120 27746857
v 703367 -80939243 27751549
v 703368 -80949059 27760472
v 703389 -80949478 27760853
v 703390 -80973390 27782555
v 710012 -80973588 27782734
v 703383 -80999612 27808377
v 703384 -81003721 27826198
v 703026 -81003738 27826289
v 703027 -81007438 27850153
v 703050 -81009193 27859001
v 703014 -81013805 27865894
v 702835 -81016822 27869219
v 702817 -81023478 27876518
v 702818 -81034952 27889119
v 702894 -81046824 27905007
v 702873 -81078982 27942688
v 702787 -81093119 27955008
v 702786 -81098595 27959845
v 702777 -81109006 27970596
v 702778 -81110565 27972271
v 702911 -81111165 27972916
v 702459 -81195034 28031628
v 702424 -81208299 28041828
v 702418 -81219493 28050654
v 702410 -81234074 28061655
v 702411 -81234558 28062029
v 702403 -81244107 28069401
v 702404 -81249790 28073837
v 708227 -81258591 28081795
v 708222 -81258781 28081957
v 708216 -81261291 28084095
v 708191 -81265891 28087495
v 707867 -81286991 28125294
v 707863 -81302091 28173192
v 707026 -81304891 28190692
v 707024 -81307091 28205291
v 707014 -81316569 28220776
v 707012 -81316691 28220891
v 710971 -81318394 28222594
v 710877 -81318517 28222717
v 710876 -81322421 28228986
v 710970 -81322479 28229170
v 706893 -81322928 28230581
v 706891 -81329192 28250290
v 706885 -81329692 28252090
v 706881 -81330992 28255790
v 706193 -81332192 28260590
v 706180 -81333092 28265089
v 706165 -81334892 28273089
v 706166 -81335193 28274199
v 706151 -81336492 28278989
v 706124 -81345792 28288389
v 706121 -81346992 28289289
v 706119 -81348092 28289989
v 705822 -81351592 28292388
v 705823 -81354711 28296021
v 705820 -81359492 28301588
v 702527 -81361892 28304088
v 702526 -81364769 28307429
v 702522 -81366606 28311411
v 702521 -81370135 28318938
v 711900 -81372981 28323607
v 711899 -81373358 28324226
v 710306 -81373703 28324793
v 710305 -81375795 28330150
v 711555 -81376960 28333011
v 705310 -81377172 28333531
v 705309 -81379392 28338987
v 705023 -81380319 28341345
v 686060 -81382892 28347886
v 686059 -81385192 28353386
v 685488 -81387392 28358986
v 685489 -81389119 28367824
v 701256 -81389266 28368608
v 685468 -81390992 28383085
v 685469 -81391274 28391678
v 685470 -81391392 28406684
v 685462 -81391292 28406884
v 685460 -81391492 28409984
v 685095 -81393892 28421184
v 685099 -81398192 28425484
v 685098 -81400192 28426883
v 685083 -81401292 28427583
v 685079 -81403992 28429383
v 685076 -81404992 28429883
v 684451 -81407592 28432683
v 671053 -81409680 28435582
v 671054 -81413893 28441483
v 684356 -81419793 28450083
v 684357 -81423931 28455209
v 691876 -81432712 28461141
v 691880 -81440943 28467933
v 673703 -81441893 28468782
v 673660 -81444893 28471882
v 673657 -81445393 28472882
v 673656 -81446493 28474182
v 673655 -81446693 28474682
v 673649 -81446893 28474882
v 673646 -81447993 28476482
v 673617 -81449393 28478082
v 673614 -81452593 28482982
v 672162 -81458793 28488681
v 672163 -81462693 28492265
v 672087 -81463393 28492864
v 672067 -81464624 28493777
v 672068 -81464919 28493937
v 693707 -81465380 28494149
v 672061 -81473099 28496681
v 672062 -81473686 28496953
v 698402 -81476466 28498029
v 671805 -81483546 28502680
v 671806 -81484920 28503731
v 671803 -81486896 28505262
v 667264 -81507994 28520780
v 667260 -81516994 28527780
v 667217 -81520894 28530580
v 667213 -81522994 28531980
v 667214 -81527432 28535260
v 667201 -81527595 28535380
v 667202 -81528581 28536037
v 700383 -81529251 28536484
v 691582 -81533595 28539379
v 691583 -81535573 28541130
v 667050 -81542295 28546079
v 667052 -81545039 28546462
v 666933 -81550595 28546179
v 666934 -81553256 28546779
v 693402 -81553335 28546779
v 693612 -81553590 28546790
v 693611 -81554153 28546815
v 693403 -81554173 28546816
v 666909 -81554517 28546831
v 666908 -81554813 28546846
v 666905 -81555495 28546879
v 666906 -81555611 28546869
v 693405 -81555764 28546855
v 693406 -81557125 28546731
v 666903 -81557695 28546679
v 666904 -81558388 28546598
v 698892 -81558620 28546571
v 698893 -81559035 28546522
v 698894 -81562622 28546103
v 666774 -81565395 28545779
v 666775 -81566263 28545649
v 700184 -81567925 28545401
v 666780 -81568044 28545382
v 700181 -81568154 28545369
v 700182 -81569830 28545286
v 666678 -81569995 28545279
v 666679 -81570165 28545279
v 693802 -81571067 28545279
v 666676 -81575095 28545279
v 666677 -81575186 28545277
v 700175 -81575321 28545273
v 700174 -81577196 28545225
v 693813 -81578995 28545179
v 693812 -81579735 28545179
v 666631 -81583560 28545179
v 666627 -81583695 28545179
v 666628 -81583830 28545175
v 701128 -81587464 28545079
v 666111 -81587595 28545079
v 666112 -81587766 28545079
v 693798 -81592701 28545079
v 693796 -81592865 28545079
v 693797 -81593766 28545079
v 701739 -81599962 28545079
v 691562 -81603496 28545079
v 666110 -81605896 28545079
v 666096 -81607696 28545079
v 666091 -81607996 28545079
v 666088 -81608196 28545079
v 664903 -81610796 28545079
v 664765 -81627996 28548279
v 664766 -81631043 28547955
v 702127 -81636134 28547950
v 702128 -81638151 28549166
v 664762 -81638296 28549178
v 664763 -81638443 28549203
v 664757 -81638896 28549278
v 664752 -81641196 28549878
v 664753 -81642131 28550142
v 702133 -81645274 28551031
v 693468 -81645452 28551081
v 664732 -81645796 28551178
v 664713 -81653596 28553078
v 423365 -81657396 28553178
v 423360 -81677297 28559078
v 423194 -81682221 28561118
v 423178 -81700097 28575777
v 423173 -81700397 28576077
v 423171 -81708897 28586777
v 422795 -81712897 28591676
v 422791 -81726898 28608676
v 422790 -81737498 28614975
v 416090 -81745805 28619397
v 416091 -81751122 28622056
v 416077 -81754229 28623419
v 415457 -81789896 28642249
v 415289 -81800084 28647874
v 415290 -81804546 28650230
v 415281 -81805178 28650624
v 415279 -81806165 28651129
v 415277 -81807290 28651738
v 415273 -81808504 28652344
v 415270 -81811935 28654178
v 415236 -81853553 28675148
v 414846 -81864242 28684406
v 414758 -81896788 28715175
v 414742 -81914000 28731708
v 414744 -81914365 28732051
v 414884 -81919428 28736808
v 412888 -81939175 28755332
v 412912 -81953787 28769350
v 961191 -81973023 28781391
v 961143 -81974278 28782080
v 961144 -81978844 28784061
v 961189 -81987198 28788687
v 961140 -81992005 28792710
v 961137 -81999313 28799400
v 961138 -81999805 28799608
v 963178 -82014297 28813805
v 963107 -82032709 28829856
v 963108 -82037169 28831793
v 963091 -82040492 28834396
v 963085 -82042887 28835702
v 963074 -82043642 28836321
v 963075 -82045464 28837216
v 963423 -82049608 28839094
v 963472 -82052235 28839936
v 963056 -82054966 28840747
v 963057 -82061944 28842787
v 963440 -82063643 28843273
v 963049 -82074754 28846454
v 963001 -82085664 28852343
v 962966 -82089936 28856491
v 962976 -82091578 28859242
v 962854 -82091788 28865293
v 962752 -82092128 28871116
v 962744 -82092311 28871345
v 962745 -82092338 28873638
v 962128 -82092440 28876429
v 962126 -82092518 28876796
v 962127 -82092918 28880662
v 962152 -82100247 28894139
v 962055 -82100546 28894651
v 962000 -82104874 28902008
v 961952 -82109462 28910075
v 961934 -82111785 28918327
v 961870 -82111948 28931025
v 961842 -82112237 28937467
v 961798 -82119856 28953235
v 961796 -82120952 28955321
v 961797 -82122179 28957566
v 534595 -82123553 28960199
v 534596 -82130114 28971377
v 533962 -82131919 28974602
v 533963 -82136466 28982026
v 533965 -82140842 28989071
v 533966 -82142230 28991462
v 534188 -82142315 28991613
v 534191 -82144555 28995330
v 534189 -82144764 28995694
v 532731 -82156643 29022241
v 532730 -82156643 29022424
v 532715 -82157607 29025588
v 532693 -82158389 29028201
v 532694 -82159405 29031754
v 534176 -82163385 29042759
v 534177 -82167134 29049246
v 544441 -82174193 29061470
v 533169 -82182983 29074439
v 533170 -82185081 29082056
v 533171 -82185054 29084532
v 532422 -82184967 29092386
v 532418 -82184967 29094289
v 532413 -82184967 29094793
v 532382 -82184915 29096879
v 532383 -82184893 29098717
v 533138 -82184887 29099189
v 533139 -82184803 29106403
v 533319 -82184798 29106827
v 532293 -82184732 29112535
v 532265 -82184706 29121017
v 532254 -82184680 29121544
v 532235 -82184654 29124777
v 532236 -82184802 29125255
v 537998 -82184861 29135520
v 537984 -82185289 29145891
v 537983 -82185259 29146296
v 537976 -82185015 29150254
v 537975 -82185115 29154454
v 537896 -82184970 29164285
v 537880 -82184915 29168054
v 537875 -82184815 29175454
v 536541 -82184716 29182453
v 536546 -82184816 29186353
v 536543 -82184716 29188553
v 536511 -82184616 29190453
v 536508 -82184616 29197253
v 536503 -82184616 29202153
v 536500 -82184716 29203653
v 536501 -82184657 29204721
v 536499 -82184599 29206433
v 536461 -82184603 29206502
v 536462 -82184618 29208243
v 536460 -82184649 29211927
v 536438 -82184634 29214471
v 536439 -82184634 29215230
v 544445 -82184634 29218299
v 525663 -82189959 29250252
v 525513 -82189877 29252321
v 525546 -82189882 29253690
v 525378 -82191917 29263393
v 525375 -82191995 29263736
v 525343 -82193146 29266900
v 525323 -82194244 29270063
v 525321 -82194453 29270613
v 525322 -82200714 29288055
v 525675 -82203633 29295711
v 525254 -82203764 29296192
v 525246 -82203842 29296650
v 525247 -82206566 29304003
v 525674 -82212113 29322597
v 525194 -82212270 29323193
v 525187 -82212401 29323720
v 525188 -82214041 29329543
v 525873 -82214234 29330228
v 525110 -82219210 29347831
v 525111 -82226125 29366395
v 525041 -82226334 29366808
v 525008 -82226596 29367335
v 525009 -82233206 29381392
v 521913 -82245743 29404377
v 521910 -82247551 29406760
v 521905 -82249201 29409074
v 521036 -82262655 29428999
v 521037 -82266837 29444885
v 521013 -82266994 29445435
v 520055 -82267151 29446099
v 520056 -82281117 29476524
v 7690 -82287513 29484328
v 7657 -82293723 29494123
v 7650 -82294929 29496897
v 7639 -82296343 29499949
v 6872 -82299562 29507340
v 6835 -82304749 29515752
v 6836 -82309178 29521551
v 6826 -82309859 29522491
v 6821 -82310435 29523339
v 6822 -82312876 29526354
v 6773 -82330697 29541650
v 6749 -82343073 29556179
v 6750 -82345772 29560550
v 6690 -82345459 29560671
v 6689 -82346497 29562746
v 12448 -82363226 29589845
v 12439 -82370226 29598045
v 12437 -82373727 29602045
v 12418 -82374027 29602345
v 10730 -82375927 29604545
v 10731 -82383613 29613573
v 10726 -82384227 29614545
v 10660 -82386327 29617445
v 10617 -82388627 29620745
v 10611 -82395828 29631045
v 10414 -82402428 29639645
v 10415 -82403057 29640403
v 5026 -82406753 29644854
v 5027 -82411012 29649896
v 9772 -82416629 29656544
v 9737 -82416729 29656744
v 9676 -82419029 29659544
v 9677 -82419141 29659677
v 9666 -82421629 29662644
v 9667 -82423082 29664380
v 15411 -82431502 29673586
v 9242 -82432130 29674244
v 9241 -82442730 29685044
v 9223 -82443430 29685544
v 9216 -82446831 29688944
v 9215 -82449639 29691876
v 8412 -82450231 29692372
v 8396 -82465832 29716243
v 8397 -82479288 29740130
v 8252 -82480825 29742035
v 8244 -82484729 29745683
v 8245 -82490863 29751004
v 8219 -82493386 29753139
v 8220 -82496135 29755637
v 2760 -82497082 29756498
v 2750 -82503576 29763632
v 2714 -82509061 29774956
v 2715 -82509272 29775425
v 2836 -82511257 29779828
v 2792 -82511344 29780021
v 2697 -82511685 29780801
v 2698 -82511722 29780881
v 3244 -82513109 29783880
v 3245 -82513302 29784298
v 3243 -82515021 29788986
v 3154 -82514276 29799868
v 2637 -82514171 29800946
v 2633 -82514119 29801519
v 2626 -82513987 29802825
v 2621 -82513828 29804429
v 2492 -82518499 29821848
v 2493 -82523202 29830517
v 5503 -82524861 29833837
v 2185 -82526248 29836472
v 2186 -82527799 29838833
v 2130 -82536759 29854647
v 2095 -82541831 29871011
v 2086 -82542383 29874219
v 1758 -82542721 29876083
v 1753 -82542852 29877206
v 1743 -82543640 29882706
v 1744 -82544931 29890040
v 1730 -82545978 29894875
v 1688 -82552684 29913530
v 1689 -82552837 29913603
v 1675 -82554157 29916922
v 1677 -82558057 29925148
v 199294 -82559311 29928206
v 199363 -82560577 29931291
v 199282 -82568708 29951732
v 199197 -82569130 29952626
v 199194 -82569261 29953268
v 199187 -82574027 29967452
v 199188 -82576616 29973837
v 199578 -82578486 29978266
v 199172 -82590040 29996667
v 199170 -82594121 29998659
v 199171 -82597228 29999804
v 198593 -82599896 30001126
v 198594 -82600148 30001283
v 198513 -82602516 30003496
v 198478 -82605970 30010975
v 198479 -82609137 30018910
v 199627 -82611493 30025100
v 198502 -82611877 30026028
v 198459 -82612088 30026600
v 198457 -82612246 30026990
v 198458 -82614435 30032443
v 198080 -82629094 30069452
v 197886 -82629357 30070140
v 197879 -82629541 30070758
v 197880 -82638823 30088062
v 198079 -82640019 30090263
v 197815 -82640520 30090951
v 197810 -82640941 30091707
v 197811 -82642281 30093896
v 199577 -82648257 30104291
v 198114 -82652383 30111436
v 197756 -82654664 30115107
v 197715 -82655824 30117353
v 197729 -82656204 30117955
v 197683 -82656983 30119667
v 197682 -82657035 30119874
v 195468 -82660773 30126194
v 195469 -82665558 30135191
v 196522 -82671261 30146475
v 195365 -82671393 30146841
v 195366 -82676058 30155691
v 195277 -82677772 30158919
v 195278 -82680436 30163983
v 195245 -82680911 30164831
v 195242 -82681412 30165793
v 195243 -82685615 30173927
v 195081 -82687556 30177685
v 195034 -82688611 30179771
v 194978 -82689930 30182520
v 194979 -82694301 30191184
v 199612 -82697278 30197067
v 196180 -82698674 30199754
v 195519 -82701219 30204938
v 195520 -82709682 30219218
v 195480 -82712255 30221014
v 194181 -82713021 30221518
v 194171 -82713733 30222045
v 194172 -82716474 30223948
v 196173 -82718321 30225230
v 196174 -82726084 30230619
v 195707 -82729417 30232931
v 195708 -82745309 30249743
v 194074 -82745493 30249789
v 193403 -82746573 30251707
v 193169 -82750425 30259705
v 193167 -82751190 30261287
v 193160 -82753247 30264748
v 193161 -82753959 30265940
v 193157 -82754460 30266673
v 193156 -82756624 30267155
v 193153 -82758260 30267454
v 193147 -82762800 30268533
v 193148 -82775570 30271143
v 193141 -82777028 30271447
v 193139 -82780855 30272227
v 193140 -82785761 30272941
v 193232 -82789729 30273521
v 193181 -82794054 30274153
v 193137 -82794767 30274245
v 969515 -82795400 30274360
v 969516 -82807795 30276547
v 969505 -82814882 30278760
v 969504 -82815146 30278875
v 969500 -82819107 30280181
v 969501 -82819477 30280226
v 969499 -82820137 30280410
v 969497 -82821325 30280891
v 969498 -82823170 30281561
v 969546 -82838424 30285828
v 969486 -82842525 30286385
v 969487 -82853746 30287940
v 969484 -82855304 30288306
v 969482 -82856730 30288489
v 969483 -82867624 30290199
v 969053 -82877364 30291848
v 969054 -82878923 30292130
v 968976 -82900650 30297613
v 968481 -82901231 30297796
v 968469 -82902102 30298163
v 968266 -82929747 30309897
v 968267 -82932625 30311341
v 968257 -82933760 30311982
v 968246 -82934843 30312578
v 968247 -82940279 30315394
v 968223 -82955682 30325475
v 968221 -82960622 30328888
v 968219 -82962656 30330399
v 968220 -82963496 30330976
v 968207 -82964558 30331705
v 968208 -82967282 30333569
v 968974 -82983476 30344323
v 968167 -82984189 30344757
v 968165 -82985246 30345146
v 968166 -83001256 30349222
v 972135 -83026272 30351865
v 972136 -83026986 30351911
v 971811 -83027778 30351980
v 971812 -83064603 30348866
v 972269 -83065078 30348906
v 972273 -83090887 30344194
v 972275 -83091114 30344029
v 971832 -83091634 30343653
v 972277 -83092032 30343364
v 972283 -83093142 30342562
v 972284 -83094189 30341806
v 971678 -83131076 30343126
v 971515 -83131657 30343241
v 971513 -83132370 30343424
v 971514 -83148292 30347770
v 971503 -83148367 30347790
v 971504 -83150372 30348313
v 971695 -83165466 30352235
v 971679 -83181789 30355552
v 971491 -83182529 30355666
v 971489 -83183269 30355849
v 971490 -83193047 30357530
v 502019 -83193592 30357624
v 502009 -83193952 30357686
v 501055 -83202278 30359119
v 501056 -83208154 30360130
v 501990 -83216264 30361594
v 501991 -83216661 30361685
v 502014 -83217348 30361823
v 502018 -83220280 30362372
v 502017 -83220465 30362463
v 501989 -83221284 30362638
v 500528 -83234204 30365481
v 500529 -83234733 30365527
v 500530 -83241407 30367053
v 500531 -83242131 30367219
v 500534 -83246569 30368018
v 500535 -83246728 30368018
v 500536 -83250602 30368823
v 500537 -83294635 30379176
v 500538 -83295639 30379451
v 500585 -83296855 30379726
v 500584 -83297753 30379933
v 500582 -83298704 30380116
v 500583 -83300210 30380437
v 500849 -83333409 30390269
v 500562 -83341167 30392338
v 500451 -83342963 30392825
v 500452 -83351102 30394838
v 500522 -83353613 30395250
v 500558 -83355040 30395387
v 500559 -83356044 30395501
v 500560 -83357075 30395615
v 500561 -83358502 30395821
v 499747 -83359374 30395935
v 499748 -83369334 30397752
v 499749 -83388058 30402741
v 499750 -83388773 30402945
v 500079 -83389167 30403039
v 499862 -83414006 30408840
v 499869 -83435518 30416286
v 499868 -83436205 30416790
v 499879 -83436998 30417431
v 499875 -83453787 30430179
v 499876 -83455079 30430989
v 499871 -83455740 30431310
v 499873 -83456533 30431676
v 499874 -83457868 30432199
v 499878 -83459335 30432775
v 499903 -83483536 30435265
v 499904 -83496184 30435625
v 498841 -83496633 30435647
v 498842 -83497083 30435647
v 498843 -83516168 30436412
v 498911 -83623899 30434619
v 498770 -83625554 30435114
v 498644 -83626869 30435296
v 498639 -83628607 30435587
v 498638 -83651847 30439150
v 498642 -83652311 30439221
v 498436 -83684915 30443208
v 498438 -83707950 30443178
v 403593 -83723338 30443139
v 402987 -83745818 30446608
v 402986 -83747814 30447619
v 402846 -83749880 30449603
v 402847 -83761434 30454587
v 402840 -83762951 30455256
v 402841 -83766795 30456543
v 402822 -83823489 30472322
v 402823 -83832222 30472689
v 402924 -83847420 30473132
v 402925 -83853404 30473180
v 402993 -83870255 30473485
v 402994 -83874885 30473622
v 402691 -83880162 30473936
v 402500 -83886471 30474969
v 402501 -83889643 30475565
v 402491 -83893714 30476368
v 402492 -83897294 30477024
v 402489 -83906457 30478340
v 402490 -83910717 30478453
v 402485 -83917006 30478410
v 402486 -83918597 30478410
v 402483 -83920918 30478456
v 402484 -83925687 30478491
v 402481 -83929406 30478502
v 402482 -83944317 30480931
v 402688 -83948108 30483537
v 402768 -83948384 30483733
v 402767 -83948933 30484122
v 402686 -83954456 30486853
v 402687 -83962173 30487653
v 402450 -83963884 30487725
v 402451 -83964742 30487797
v 402684 -83973559 30488379
v 402685 -83981916 30488863
v 402449 -83983000 30488977
v 402448 -83984111 30489023
v 402444 -83999340 30489679
v 402445 -84005290 30489502
v 403386 -84023490 30488201
v 403385 -84023790 30488201
v 403377 -84025490 30487801
v 403379 -84026990 30487401
v 403378 -84041191 30484401
v 477324 -84048891 30482801
v 477309 -84051472 30482237
v 477295 -84057591 30480901
v 477058 -84067892 30479701
v 477050 -84091793 30479401
v 477028 -84100193 30479301
v 476830 -84103593 30479301
v 476745 -84125394 30479501
v 476744 -84131289 30479671
v 476812 -84139093 30479895
v 478474 -84146646 30480639
v 478473 -84149521 30481012
v 476753 -84153378 30482765
v 476752 -84153895 30483000
v 476741 -84155926 30484319
v 476739 -84158103 30485720
v 476738 -84158439 30485960
v 476719 -84162055 30488216
v 476720 -84162610 30488635
v 477577 -84162972 30488879
v 475128 -84174396 30496200
v 475129 -84192750 30498148
v 475054 -84205997 30498200
v 475376 -84207768 30498495
v 475375 -84221044 30500600
v 477460 -84222052 30500724
v 473906 -84222868 30500824
v 473770 -84229998 30501700
v 473766 -84248599 30502799
v 473488 -84249799 30502799
v 473478 -84251899 30502799
v 473480 -84252220 30502799
v 473473 -84253699 30502799
v 473472 -84256299 30502299
v 473466 -84260399 30500499
v 479119 -84269247 30496730
v 473492 -84274795 30494366
v 470852 -84277300 30493299
v 470847 -84280500 30491999
v 470846 -84295400 30486499
v 470585 -84301100 30484699
v 477381 -84301512 30484680
v 477451 -84301980 30484599
v 470587 -84302819 30484454
v 470553 -84304301 30484199
v 470543 -84309601 30482999
v 470542 -84312401 30482299
v 481377 -84315092 30481835
v 470539 -84316084 30481664
v 470401 -84318201 30481299
v 477943 -84334080 30479175
v 477942 -84341561 30479266
v 469610 -84343159 30479285
v 469602 -84344302 30479299
v 469608 -84346702 30479199
v 478339 -84348149 30479230
v 478338 -84352745 30479330
v 469373 -84355164 30479383
v 469369 -84357376 30479422
v 469358 -84363103 30479899
v 469356 -84366303 30480299
v 467386 -84382804 30483998
v 467381 -84383604 30483998
v 467380 -84385804 30484398
v 467366 -84387104 30484598
v 467365 -84391304 30484698
v 467364 -84396904 30485098
v 278562 -84397304 30485098
v 278559 -84397704 30484998
v 278558 -84410505 30485798
v 278557 -84419605 30487998
v 278550 -84421705 30488598
v 278548 -84424805 30489498
v 278540 -84425705 30489798
v 278539 -84429205 30490998
v 278535 -84430405 30491398
v 278533 -84431905 30491698
v 278534 -84432786 30491962
v 278530 -84432906 30491998
v 278531 -84433256 30492120
v 278499 -84439806 30494398
v 278500 -84454096 30500473
v 278501 -84456288 30500993
v 279146 -84461627 30504417
v 279149 -84462531 30504829
v 279148 -84470827 30509725
v 279164 -84474918 30511735
v 279162 -84485040 30516300
v 278029 -84488802 30518265
v 279161 -84492706 30520725
v 277468 -84494048 30521970
v 277461 -84507801 30529142
v 277462 -84516569 30529351
v 277543 -84518714 30529352
v 277544 -84518939 30529352
v 277453 -84545345 30530848
v 277455 -84546626 30530818
v 277545 -84557930 30530688
v 277442 -84589350 30536458
v 277441 -84591625 30537213
v 277439 -84595198 30538266
v 277436 -84599591 30539548
v 277431 -84599962 30539708
v 277432 -84609878 30543420
v 277542 -84613574 30545332
v 277420 -84616373 30546781
v 276395 -84631911 30554861
v 276251 -84632599 30555251
v 276249 -84633181 30555641
v 276250 -84636636 30557478
v 276415 -84659567 30566357
v 276177 -84673119 30570404
v 276176 -84673781 30570541
v 276155 -84681352 30572879
v 276156 -84687320 30574600
v 276125 -84696679 30577300
v 276122 -84699646 30578148
v 276117 -84702928 30579087
v 276118 -84713121 30584685
v 276396 -84724034 30595416
v 276067 -84724405 30595965
v 276065 -84724802 30596561
v 276066 -84734345 30604038
v 276043 -84736246 30604805
v 276044 -84744363 30609559
v 276014 -84745808 30610253
v 275811 -84761352 30614401
v 275807 -84781743 30622054
v 275808 -84795456 30622243
v 275809 -84807637 30620268
v 275810 -84808792 30619901
v 275649 -84819301 30617460
v 275650 -84819646 30617460
v 275653 -84822003 30617276
v 275654 -84823354 30617253
v 275651 -84825367 30617322
v 275652 -84829660 30617609
v 275645 -84834929 30619131
v 275646 -84840724 30621299
v 274357 -84846611 30623413
v 273972 -84871540 30631589
v 273959 -84880438 30632751
v 273958 -84881046 30632775
v 273961 -84886832 30632347
v 273963 -84890058 30631698
v 273962 -84892200 30631136
v 273955 -84895996 30630625
v 273953 -84899299 30631436
v 273954 -84903481 30633078
v 273960 -84904258 30633383
v 391250 -84905085 30633708
v 391246 -84916382 30638143
v 391207 -84924334 30638680
v 391218 -84932202 30636069
v 391220 -84934580 30635893
v 391219 -84938508 30636023
v 391216 -84939726 30636092
v 391217 -84940010 30636110
v 391215 -84944045 30636367
v 391214 -84947091 30636458
v 391212 -84948999 30636481
v 391210 -84949529 30636481
v 391211 -84949688 30636492
v 391242 -84958378 30637763
v 391193 -84967969 30641014
v 391192 -84973030 30640578
v 391194 -84974037 30640394
v 391198 -84974858 30640257
v 391197 -84978381 30639820
v 391199 -84979044 30639706
v 391202 -84984740 30639108
v 391203 -84985536 30639062
v 391200 -84986701 30639153
v 391201 -84989426 30639391
v 391248 -85005959 30643981
v 398429 -85011945 30647924
v 398489 -85012232 30648054
v 398423 -85013058 30648429
v 398422 -85013243 30648520
v 398420 -85014567 30649414
v 398421 -85016306 30650802
v 398554 -85018291 30651491
v 398555 -85025513 30652391
v 398404 -85032638 30654162
v 398400 -85036109 30655859
v 398398 -85038149 30657050
v 398396 -85040269 30658059
v 398397 -85044646 30660434
v 398543 -85045144 30660704
v 398540 -85054361 30665674
v 398539 -85055767 30666420
v 398491 -85061576 30669379
v 398492 -85077308 30675995
v 398493 -85079546 30676848
v 398362 -85080156 30677031
v 398363 -85083179 30678268
v 398495 -85102358 30683750
v 398530 -85116167 30689713
v 397862 -85126660 30695620
v 397863 -85129197 30697079
v 397860 -85131165 30698211
v 397861 -85133015 30699258
v 397858 -85138507 30702384
v 397859 -85140070 30703274
v 397894 -85147936 30707744
v 397857 -85162446 30715818
v 397641 -85163453 30716300
v 397608 -85164143 30716667
v 397609 -85180698 30720637
v 397595 -85182652 30721023
v 397594 -85185198 30721573
v 397593 -85186842 30721916
v 397591 -85188009 30722237
v 397592 -85199744 30724677
v 397893 -85200988 30724921
v 397925 -85207780 30726253
v 397856 -85210552 30726796
v 397578 -85212275 30727070
v 397576 -85213549 30727254
v 397577 -85219088 30728607
v 397855 -85229013 30732772
v 397854 -85230074 30733299
v 397562 -85231003 30733780
v 397559 -85233203 30734807
v 397560 -85237587 30736853
v 397853 -85238802 30737420
v 397852 -85239492 30737695
v 397557 -85240262 30738015
v 397558 -85242696 30739192
v 397889 -85244672 30740147
v 397890 -85245101 30740354
v 397851 -85245568 30740580
v 397850 -85246656 30741106
v 397544 -85247319 30741381
v 394473 -85263893 30749636
v 394453 -85268234 30751889
v 390455 -85270526 30753061
v 394452 -85272045 30753779
v 394450 -85272345 30753930
v 394448 -85273300 30754503
v 394444 -85274785 30755099
v 394445 -85280170 30757392
v 394474 -85287297 30758418
v 394477 -85292824 30758609
v 394478 -85316018 30758705
v 394598 -85319977 30758098
v 394597 -85323981 30757554
v 394589 -85326538 30757326
v 394590 -85333924 30758596
v 394416 -85338657 30758359
v 393934 -85361564 30755783
v 393933 -85375720 30754400
v 393935 -85377259 30754148
v 393936 -85379700 30753760
v 393937 -85379992 30753668
v 393932 -85381743 30753463
v 393942 -85382317 30753374
v 393941 -85395964 30751246
v 396419 -85409094 30748794
v 396424 -85411402 30748382
v 396427 -85412330 30748199
v 396429 -85414134 30747856
v 396665 -85414679 30747826
v 396656 -85415019 30747808
v 396430 -85415806 30747765
v 396433 -85416787 30747673
v 396432 -85432598 30746713
v 1034050 -85450306 30745669
v 1034048 -85451800 30745581
v 1034047 -85454389 30745429
v 1033878 -85455607 30745357
v 1033877 -85461010 30745039
v 1033882 -85462204 30745016
v 1033880 -85463026 30745016
v 1033879 -85465361 30744924
v 1033992 -85471718 30745051
v 1033876 -85495418 30745419
v 1033573 -85508148 30745648
v 1033267 -85508997 30745671
v 1033572 -85509634 30745695
v 1033268 -85512672 30745710
v 1033260 -85516638 30745652
v 1033261 -85537595 30745773
v 1033266 -85541507 30745875
v 1033263 -85548313 30746531
v 1033264 -85550021 30746916
v 1033256 -85550276 30746967
v 1033248 -85552027 30747333
v 1033251 -85554149 30747768
v 1033252 -85571400 30750655
v 1032090 -85583894 30751934
v 1031501 -85585114 30752026
v 1032076 -85588903 30752484
v 1032116 -85590626 30752682
v 1032088 -85605068 30754334
v 1032041 -85610169 30754973
v 378702 -85621174 30756352
v 378335 -85624930 30756823
v 378336 -85630039 30757420
v 378329 -85639458 30758707
v 378330 -85668326 30762288
v 379031 -85673802 30762355
v 379793 -85674250 30762361
v 379208 -85680621 30762440
v 378318 -85681434 30762450
v 378317 -85681991 30762450
v 378316 -85685043 30762519
v 378315 -85688200 30762519
v 378313 -85688545 30762565
v 378314 -85688805 30762582
v 378311 -85696559 30762610
v 378312 -85700991 30762656
v 378309 -85713516 30762584
v 378471 -85718237 30761830
v 378666 -85719144 30761703
v 378646 -85724036 30761020
v 378645 -85735336 30759904
v 1031668 -85741435 30759924
v 1031442 -85745044 30759977
v 1031443 -85779296 30760457
v 1031479 -85784144 30760420
v 1031478 -85793434 30760177
v 1031473 -85798316 30759765
v 1031477 -85799908 30759651
v 1031639 -85803576 30759291
v 1031447 -85806692 30759022
v 1031446 -85807763 30759056
v 1031453 -85809195 30758953
v 1031452 -85810549 30758758
v 1031444 -85812698 30758552
v 1031454 -85814794 30758345
v 1031455 -85815750 30758231
v 1031499 -85830553 30756657
v 377659 -85831126 30756595
v 377603 -85831990 30756504
v 377602 -85851651 30753274
v 377604 -85853720 30752929
v 379054 -85865364 30748563
v 378762 -85868274 30746975
v 378761 -85884691 30737997
v 378895 -85902478 30728195
v 378872 -85905930 30726565
v 378831 -85908759 30725240
v 378991 -85916862 30721613
v 378837 -85917782 30721177
v 378836 -85924464 30717978
v 378838 -85925260 30717680
v 378874 -85926108 30717382
v 378845 -85927886 30716666
v 378844 -85931758 30715206
v 378846 -85932209 30715022
v 378850 -85935100 30713739
v 378849 -85937859 30712524
v 378851 -85940299 30711516
v 379027 -85944774 30709750
v 379026 -85959100 30703749
v 1027180 -85964195 30701590
v 1027315 -85966121 30700837
v 1027314 -85975457 30698845
v 1027339 -85978376 30698302
v 1025016 -85996973 30694841
v 1025015 -86015565 30691458
v 1024653 -86019060 30690834
v 1025010 -86042955 30690555
v 1025007 -86051537 30690687
v 1025006 -86072929 30691005
v 1025005 -86089487 30691127
v 1024779 -86095326 30691170
v 1024995 -86097363 30691185
v 1024994 -86101479 30691282
v 1024993 -86114015 30691601
v 1024992 -86116817 30691673
v 1024991 -86118475 30691719
v 1024757 -86122644 30692037
v 1023844 -86127189 30692687
v 1023845 -86129452 30692835
v 1023997 -86131176 30692947
v 1023994 -86148347 30695825
v 1023981 -86155845 30701034
v 1023961 -86161962 30705532
v 1023803 -86163517 30706702
v 1023804 -86168078 30710183
v 1023996 -86175219 30715528
v 1023968 -86190038 30722920
v 1023969 -86194230 30723703
v 1023971 -86206845 30725888
v 1023940 -86210655 30727169
v 1023939 -86211583 30727651
v 1023694 -86212247 30727971
v 1023695 -86219762 30734208
v 1023962 -86227746 30741169
v 1023963 -86240841 30747844
v 1023574 -86244598 30748496
v 1023258 -86249944 30748345
v 1021870 -86273268 30749706
v 1021871 -86282872 30749802
v 1023271 -86300239 30746079
v 1023562 -86316088 30740736
v 1023560 -86318918 30739705
v 1023534 -86324661 30737521
v 1023298 -86326089 30736975
v 1023493 -86326782 30736711
v 1023307 -86333488 30734202
v 1023305 -86347042 30732714
v 1023306 -86348555 30732783
v 1023301 -86351340 30732759
v 1023302 -86354020 30732827
v 1023303 -86354577 30732735
v 1023304 -86358516 30732916
v 1023247 -86370151 30733944
v 1023245 -86382702 30731036
v 1023244 -86385902 30730221
v 1023248 -86389372 30729336
v 648151 -86391609 30728765
v 648150 -86401963 30726126
v 648134 -86412190 30723520
v 648133 -86428004 30719308
v 648138 -86435142 30717682
v 647956 -86441267 30717108
v 647954 -86448484 30717798
v 647955 -86453206 30718348
v 647959 -86454082 30718279
v 647952 -86454613 30718233
v 647953 -86464890 30719594
v 647946 -86471750 30720315
v 647947 -86484505 30722218
v 648136 -86492547 30724994
v 647275 -86500504 30726883
v 647276 -86506131 30726966
v 647743 -86510205 30727011
v 647550 -86520639 30727275
v 647551 -86530535 30727329
v 647718 -86532700 30727128
v 647557 -86536778 30726889
v 647556 -86541918 30726795
v 654588 -86543569 30726765
v 654589 -86545688 30726726
v 647554 -86551472 30726621
v 647281 -86556983 30726430
v 647279 -86557411 30726531
v 647603 -86560352 30726246
v 654712 -86564313 30725851
v 647289 -86565508 30725732
v 647288 -86566192 30725706
v 647287 -86568527 30725683
v 647285 -86570225 30725683
v 647286 -86570862 30725706
v 647291 -86576919 30725692
v 647290 -86585029 30725407
v 649117 -86588932 30724185
v 649123 -86592664 30722643
v 647537 -86593356 30721981
v 647135 -86593812 30721546
v 647133 -86596544 30719087
v 647132 -86601153 30716890
v 647541 -86601911 30716675
v 646956 -86604809 30716248
v 646957 -86605078 30716240
v 646954 -86609882 30716093
v 646958 -86614949 30715474
v 647031 -86618158 30714583
v 647029 -86648235 30715737
v 647028 -86670035 30715584
v 647027 -86676909 30715149
v 646971 -86695544 30713569
v 646970 -86733802 30704939
v 647018 -86738358 30703332
v 647021 -86747720 30699765
v 647020 -86749869 30699001
v 646641 -86749956 30698970
v 646583 -86751242 30698624
v 646582 -86753444 30697777
v 646586 -86754133 30697548
v 646590 -86759200 30695808
v 646655 -86767292 30692438
v 646642 -86791905 30685298
v 646598 -86792356 30685183
v 913708 -86792860 30685023
v 913706 -86807869 30680886
v 913705 -86821209 30677415
v 918121 -86843034 30671697
v 913742 -86845905 30671027
v 913730 -86854499 30667389
v 913262 -86862862 30663443
v 913261 -86877439 30656268
v 913263 -86878075 30655947
v 913303 -86879003 30655512
v 913302 -86916415 30637463
v 913305 -86917317 30637073
v 913362 -86918085 30636730
v 913363 -86934547 30628640
v 913790 -86944687 30624931
v 913789 -86960333 30619826
v 914082 -86962771 30619034
v 913794 -86963195 30618909
v 913793 -86965766 30618198
v 913800 -86966154 30618015
v 913799 -86966455 30617762
v 914083 -86969952 30616661
v 914102 -86974911 30613499
v 914104 -86990747 30601425
v 910100 -86997099 30596260
v 910099 -87000400 30593500
v 911134 -87000644 30593322
v 911133 -87000970 30593084
v 910822 -87002986 30591621
v 910821 -87008514 30587280
v 910845 -87012248 30584425
v 910325 -87015628 30581920
v 910324 -87018915 30579343
v 910327 -87019525 30578885
v 910786 -87020081 30578404
v 910380 -87027035 30573122
v 910379 -87031369 30569765
v 910828 -87035053 30566866
v 910404 -87036706 30565663
v 910403 -87038469 30564380
v 910568 -87065829 30543456
v 910662 -87073757 30536952
v 910661 -87083729 30533850
v 910658 -87084179 30533896
v 910656 -87087303 30533896
v 910657 -87090269 30533918
v 910659 -87091063 30533849
v 910660 -87098503 30533886
v 916058 -87102996 30533954
v 916057 -87129344 30530515
v 260194 -87142753 30519027
v 255321 -87155917 30510699
v 255320 -87161769 30506996
v 258524 -87162369 30506596
v 258523 -87162669 30506396
v 258526 -87162969 30506096
v 258522 -87164369 30505196
v 246945 -87168009 30502737
v 246944 -87177042 30501732
v 259604 -87177218 30501732
v 259603 -87177594 30501732
v 258911 -87177772 30501732
v 258910 -87178211 30501736
v 258075 -87180152 30501796
v 258021 -87183570 30501796
v 258034 -87187666 30501924
v 258029 -87189970 30501996
v 255936 -87192070 30502096
v 255935 -87194270 30502296
v 255929 -87194870 30502296
v 255919 -87196169 30502352
v 255879 -87197170 30502396
v 255878 -87200270 30502496
v 255812 -87201570 30502496
v 255743 -87205370 30502596
v 255742 -87206859 30502596
v 255738 -87208270 30502696
v 255737 -87210971 30502796
v 259594 -87213571 30502868
v 255715 -87214742 30502901
v 255714 -87218171 30502996
v 255414 -87219971 30502996
v 246575 -87221471 30503096
v 255402 -87228271 30503196
v 255397 -87229871 30503196
v 255348 -87231852 30503242
v 255347 -87235471 30503296
v 255346 -87237571 30503396
v 259679 -87245972 30503496
v 252249 -87249801 30503564
v 252248 -87254272 30503696
v 252149 -87257972 30503696
v 259354 -87258574 30503696
v 252152 -87260105 30503696
v 252148 -87260172 30503696
v 252144 -87261072 30503296
v 252142 -87262972 30502796
v 252141 -87263972 30502496
v 252127 -87265572 30502396
v 252115 -87266472 30502596
v 252113 -87267972 30502896
v 252114 -87268870 30503110
v 251955 -87269470 30503383
v 251954 -87271172 30503995
v 259585 -87271954 30504053
v 251913 -87272969 30504128
v 251860 -87283073 30505195
v 251131 -87288473 30507795
v 250143 -87296838 30512470
v 250092 -87302174 30515595
v 250090 -87309474 30519795
v 250086 -87311088 30520767
v 250081 -87312582 30521763
v 250067 -87314950 30523107
v 247156 -87315398 30523379
v 247155 -87328031 30530803
v 249982 -87329010 30531378
v 249980 -87330263 30532115
v 249977 -87331159 30532691
v 249964 -87334071 30534835
v 249963 -87336231 30536483
v 249962 -87337799 30537619
v 249655 -87339175 30538530
v 249656 -87356832 30549934
v 259583 -87356866 30549956
v 249654 -87360440 30552322
v 249650 -87362584 30553634
v 248697 -87379952 30563808
v 248595 -87385776 30565587
v 248470 -87386333 30565748
v 248466 -87386438 30566527
v 248467 -87397621 30584435
v 248442 -87396300 30589392
v 248443 -87396272 30589760
v 248439 -87395458 30596157
v 248450 -87394971 30597931
v 248452 -87394343 30599558
v 248453 -87399545 30600921
v 248702 -87400516 30601427
v 305 -87403807 30603649
v 187 -87408649 30607630
v 188 -87404198 30606552
v 311 -87399221 30610389
v 175 -87398285 30616451
v 176 -87397805 30618002
