v 1045674 -82038056 30760265
v 1045663 -82034763 30767392
v 1045655 -82031337 30775412
v 1045650 -82031442 30779651
v 1045651 -82034909 30779464
v 1045720 -82036887 30779625
v 1045792 -82037880 30779715
v 1045648 -82041980 30780088
v 1045645 -82051216 30780937
v 1045717 -82052035 30780093
v 1045790 -82052715 30779391
v 1045658 -82054286 30777770
v 1045657 -82057215 30774750
v 1045797 -82058989 30772921
v 1045799 -82061644 30770185
v 1045716 -82061741 30770084
v 1045667 -82063663 30768065
v 1045665 -82067114 30764574
v 1045668 -82067406 30764093
v 1045675 -82070034 30760472
v 1045682 -82070670 30755888
v 1045684 -82070856 30754742
v 1045962 -82071149 30748938
v 1045966 -82071519 30742579
v 1045964 -82071572 30741673
v 1045970 -82071678 30740320
v 1045977 -82071694 30739762
v 1045976 -82071705 30739404
v 1045997 -82071411 30725470
v 1046007 -82071031 30723023
v 1046006 -82070349 30719122
v 1046013 -82069288 30712751
v 1046020 -82067987 30705326
v 1046016 -82074008 30706906
v 1046031 -82080292 30699365
v 1046037 -82075808 30690108
v 1046047 -82076279 30685516
v 1046046 -82076496 30680505
v 1046051 -82076814 30678993
v 1046065 -82079570 30667992
v 1046066 -82080179 30666525
v 1046080 -82084047 30653988
v 1046092 -82085515 30648999
v 1046091 -82086483 30645806
v 1046129 -82087877 30640623
v 1046133 -82088422 30638867
v 1046134 -82089417 30635435
v 1046138 -82089922 30633690
v 1046128 -82090200 30632735
v 1046116 -82090851 30630496
v 1046115 -82091117 30629579
v 1046117 -82095766 30630618
v 1046114 -82100949 30631776
v 1046355 -82107624 30620104
v 1046358 -82107227 30619875
v 1046371 -82107617 30615650
v 1046370 -82109820 30612815
v 1046379 -82111566 30608941
v 1046401 -82112618 30593746
v 1046404 -82113094 30592875
v 1046409 -82112904 30585358
v 1046412 -82122731 30583771
v 1046413 -82122651 30583129
v 1046248 -82125216 30583131
v 1046247 -82138632 30574611
v 1046249 -82141813 30568309
v 1046251 -82142979 30567049
v 1046262 -82167903 30552250
v 1046264 -82168089 30551998
v 1046274 -82171681 30549225
v 1046273 -82185723 30539325
v 1046283 -82189086 30535291
v 1046294 -82192712 30522504
v 1046296 -82193162 30522480
v 1046289 -82207085 30523716
v 1046297 -82218493 30520574
v 1046300 -82224872 30518899
v 1046327 -82227428 30518257
v 22458 -82230409 30517522
v 22425 -82233658 30516767
v 22424 -82234955 30516466
v 22426 -82235167 30516329
v 22399 -82238952 30515525
v 22398 -82241755 30514813
v 22354 -82253646 30511863
v 22327 -82271209 30514086
v 22324 -82283489 30519497
v 22326 -82291338 30522615
v 22310 -82311679 30530912
v 22305 -82329549 30538082
v 22299 -82335348 30540419
v 22300 -82337516 30541318
v 22296 -82339929 30542320
v 22297 -82343279 30543708
v 22371 -82349679 30546358
v 22289 -82350653 30546762
v 22285 -82356638 30549189
v 22286 -82366740 30553318
v 22240 -82384087 30560401
v 22237 -82392030 30563640
v 22238 -82411413 30566803
v 22195 -82419338 30567389
v 22193 -82428422 30568078
v 22194 -82438002 30568581
v 22191 -82443675 30568878
v 22192 -82453348 30571680
v 22245 -82455069 30572816
v 22189 -82457103 30574102
v 22190 -82459406 30576133
v 192670 -82462136 30578431
v 192668 -82463858 30579989
v 192669 -82469556 30584895
v 1049748 -82473024 30587778
v 1049745 -82494539 30598355
v 1049716 -82504073 30603352
v 1049713 -82506377 30604682
v 1049714 -82508645 30607671
v 1049699 -82511750 30613918
v 1049698 -82512121 30614514
v 1049693 -82512624 30615523
v 1049687 -82513418 30616967
v 1049682 -82516860 30623888
v 1049586 -82528242 30646368
v 1049587 -82530012 30649941
v 1049612 -82530096 30650012
v 1049565 -82554399 30675038
v 1049566 -82560053 30681115
v 1049533 -82561901 30684089
v 1049528 -82561981 30685005
v 1049525 -82563439 30685028
v 1049522 -82563916 30685028
v 1049524 -82564500 30685028
v 1049624 -82565715 30685028
v 1049520 -82566037 30685028
v 1049521 -82570252 30685051
v 1049527 -82572484 30685037
v 1049526 -82574043 30685028
v 1049530 -82577172 30684569
v 1049608 -82582868 30683369
v 1054083 -82593608 30681105
v 1054084 -82598115 30680416
v 1054003 -82618473 30677842
v 1054002 -82629432 30676423
v 1054005 -82632745 30676012
v 1054006 -82636139 30675486
v 1054009 -82645657 30674275
v 1054074 -82649391 30673858
v 1054019 -82652524 30673458
v 1054018 -82658593 30672925
v 1054016 -82660183 30673224
v 1054017 -82672043 30674252
v 1054008 -82677386 30674715
v 1054007 -82685180 30675494
v 1054000 -82698382 30676823
v 1053998 -82705990 30677601
v 1053997 -82707342 30677990
v 1053996 -82711902 30679019
v 1053994 -82713041 30679248
v 1053991 -82718317 30680324
v 1053990 -82719510 30680530
v 1054013 -82738192 30673906
v 1054012 -82739760 30673534
v 1053913 -82748533 30672133
v 1053912 -82756349 30671519
v 1053914 -82757992 30671405
v 1053911 -82773682 30674550
v 1053906 -82786670 30678012
v 1053903 -82796929 30679182
v 1053907 -82805703 30677785
v 1053905 -82829295 30680028
v 1053904 -82835709 30678538
v 1053909 -82858824 30676813
v 1053910 -82860708 30677154
v 1053902 -82871550 30682008
v 1053744 -82894465 30692557
v 1053741 -82895181 30692946
v 1053743 -82918694 30700411
v 1053736 -82919278 30700557
v 1053735 -82919411 30700649
v 1053733 -82923918 30701588
v 1053731 -82924925 30701726
v 1053732 -82929801 30702084
v 1053739 -82930943 30702024
v 1053738 -82943033 30699022
v 1053737 -82952604 30699502
v 1053734 -82967266 30700714
v 1053730 -82982166 30701877
v 1053728 -82991736 30701873
v 1053729 -83005005 30701955
v 1053999 -83010191 30702083
v 1054063 -83013032 30702428
v 1054061 -83016039 30702793
v 1053805 -83017585 30702981
v 1053806 -83023363 30703369
v 1054526 -83025086 30703530
v 1054524 -83026279 30703553
v 1054525 -83027260 30703554
v 1054528 -83028215 30703485
v 1054530 -83029404 30703570
v 1054642 -83030484 30703649
v 1054604 -83033041 30704022
v 1053661 -83035409 30704421
v 1053662 -83035796 30704486
v 1054106 -83036812 30704657
v 1054518 -83048364 30706604
v 1054520 -83055179 30705367
v 1054519 -83056213 30705482
v 1054517 -83060958 30707061
v 1054143 -83060879 30707817
v 1054142 -83080081 30705744
v 1054603 -83102179 30704991
v 1054711 -83102529 30705008
v 1054710 -83105041 30705077
v 1054629 -83108693 30704864
v 1054521 -83109151 30704837
v 1053799 -83110908 30704735
v 1054731 -83111829 30704683
v 1054523 -83114107 30704512
v 1053789 -83118940 30704113
v 1053788 -83120926 30703863
v 1054433 -83121397 30703804
v 1054432 -83130900 30703246
v 1054434 -83134532 30702950
v 1054427 -83134788 30702923
v 1054426 -83135278 30702872
v 1063499 -83135516 30702848
v 1063498 -83147576 30701418
v 1063529 -83148923 30700950
v 1063528 -83157811 30696907
v 1063588 -83171887 30690816
v 1063627 -83175810 30689052
v 1063626 -83178381 30685203
v 1063623 -83179124 30685318
v 1063620 -83180237 30685593
v 1063617 -83181217 30685868
v 1063614 -83181933 30685959
v 1063611 -83183338 30686372
v 1063970 -83184005 30686485
v 1063619 -83185008 30686555
v 1063618 -83185246 30685730
v 1063615 -83185988 30685936
v 1063613 -83186943 30686143
v 1063607 -83188427 30686440
v 1063608 -83190497 30686923
v 1064010 -83193750 30686824
v 1063601 -83194471 30686761
v 1063604 -83196958 30686953
v 1063603 -83197019 30686960
v 1063597 -83199109 30687378
v 1063780 -83199596 30687000
v 1063853 -83199741 30686886
v 1063872 -83201740 30685803
v 1063640 -83203933 30685086
v 1063639 -83209949 30684215
v 1063641 -83210294 30684169
v 1064106 -83211275 30684024
v 1063870 -83212327 30683869
v 1063869 -83213199 30683741
v 1063656 -83213312 30683724
v 1063655 -83214349 30683572
v 1063593 -83216736 30682747
v 1063592 -83219696 30681472
v 1063692 -83221404 30680737
v 1063691 -83221690 30680615
v 1063693 -83222883 30680180
v 1063697 -83223942 30679721
v 1063698 -83225245 30679380
v 1063708 -83225505 30679312
v 1063709 -83226414 30679193
v 1063933 -83228821 30679421
v 1063906 -83230020 30679675
v 1063907 -83232031 30680113
v 1063913 -83232127 30680121
v 1063689 -83234650 30680657
v 1063687 -83236055 30680908
v 1063688 -83239173 30682318
v 1063764 -83239721 30682616
v 1063765 -83248652 30685106
v 1063315 -83254872 30685227
v 1063274 -83262702 30685262
v 1063386 -83268948 30685186
v 1063275 -83270770 30685165
v 1063276 -83274026 30685351
v 1063269 -83276141 30685473
v 1063270 -83278317 30685503
v 1063268 -83289684 30685978
v 1063265 -83293526 30687628
v 1063257 -83299463 30689255
v 1063258 -83307370 30693801
v 1063231 -83307627 30694020
v 1063215 -83309801 30695692
v 1063224 -83310358 30694822
v 1063232 -83310835 30693768
v 1063233 -83312379 30694047
v 1063365 -83313467 30694244
v 1063229 -83314121 30694363
v 1063245 -83314943 30691637
v 1063240 -83315738 30691912
v 1063246 -83316082 30691500
v 1063194 -83316295 30691660
v 1063195 -83316588 30691839
v 1063234 -83317358 30692469
v 1059022 -83317805 30692759
v 1059023 -83320164 30692965
v 1063242 -83327049 30691893
v 1063241 -83336120 30691908
v 1063286 -83355368 30691786
v 1063285 -83357074 30691792
v 1063244 -83359575 30691802
v 1063243 -83361459 30691809
v 1063373 -83361596 30691743
v 1063369 -83363536 30690312
v 1063368 -83364457 30689089
v 1063374 -83365142 30688027
v 1063277 -83365382 30687655
v 1063050 -83366567 30686449
v 1063049 -83368226 30685014
v 1063278 -83368531 30684750
v 1063034 -83379876 30681122
v 1063024 -83385571 30681636
v 1063023 -83389250 30678892
v 1063025 -83391299 30677325
v 1063026 -83392908 30675824
v 1063027 -83393836 30675045
v 1039663 -83394249 30674688
v 1039662 -83398395 30671382
v 1039673 -83407697 30668086
v 1039671 -83421889 30670441
v 1039669 -83432631 30669715
v 1039670 -83433252 30669734
v 1039664 -83434539 30669898
v 1039665 -83468058 30666165
v 1039680 -83471103 30665631
v 1039683 -83477939 30664346
v 1039605 -83491052 30661226
v 1039604 -83503407 30650898
v 1039606 -83514799 30647467
v 496251 -83521713 30646782
v 496250 -83536760 30646694
v 496253 -83550588 30646902
v 496255 -83556447 30636918
v 496256 -83559670 30636806
v 496258 -83567848 30630427
v 496260 -83572836 30628144
v 496247 -83573184 30628348
v 496243 -83579989 30633136
v 496245 -83580359 30633319
v 496337 -83599514 30633610
v 401077 -83604398 30635518
v 401075 -83604538 30635655
v 401072 -83615030 30636194
v 401027 -83615719 30636011
v 401026 -83626416 30626256
v 402210 -83632859 30623127
v 402218 -83643110 30618495
v 402217 -83646870 30616672
v 402219 -83654629 30612757
v 402231 -83688951 30596251
v 403598 -83694172 30596213
v 403679 -83696222 30596178
v 402232 -83697182 30596170
v 402233 -83701976 30596028
v 403061 -83706965 30596039
v 402234 -83708479 30596044
v 402220 -83713775 30595993
v 402221 -83717255 30596022
v 402374 -83718593 30596033
v 403526 -83724002 30596077
v 402235 -83742235 30596025
v 401507 -83746126 30595107
v 401506 -83758385 30589296
v 401516 -83760477 30588449
v 400858 -83767151 30582388
v 400857 -83770358 30580219
v 401542 -83771597 30579660
v 401017 -83772758 30579209
v 401016 -83773726 30578832
v 402127 -83774869 30578388
v 402126 -83788616 30573043
v 400860 -83789629 30572649
v 400859 -83790235 30572414
v 402128 -83790664 30572261
v 401568 -83792165 30571851
v 401558 -83794172 30571549
v 401557 -83797193 30570778
v 401562 -83802486 30568236
v 401563 -83803279 30568030
v 401565 -83805344 30567435
v 401320 -83817543 30559969
v 401319 -83821706 30558392
v 401612 -83823657 30557653
v 401611 -83831117 30555891
v 401613 -83837123 30555798
v 401627 -83840137 30555737
v 401626 -83843633 30554628
v 402196 -83846497 30553256
v 401639 -83846892 30552937
v 401690 -83847706 30551925
v 401689 -83849081 30549932
v 403547 -83849942 30548657
v 401736 -83850502 30547933
v 401735 -83852334 30546725
v 401738 -83852749 30546701
v 401737 -83853975 30546633
v 401754 -83855557 30546616
v 401753 -83856250 30546609
v 401758 -83857123 30546586
v 401751 -83858975 30546608
v 401757 -83860033 30546562
v 401749 -83862467 30546584
v 401087 -83862867 30546574
v 401089 -83863287 30546563
v 401755 -83863367 30546561
v 401756 -83864154 30546572
v 402035 -83864312 30546574
v 401748 -83864954 30546583
v 401747 -83866065 30546605
v 401745 -83866859 30546582
v 401746 -83866944 30546582
v 401744 -83867679 30546582
v 401743 -83868526 30546581
v 401742 -83869240 30546604
v 401741 -83870272 30546580
v 401740 -83870986 30546580
v 401739 -83871806 30546580
v 401759 -83871859 30545916
v 402027 -83872698 30545843
v 401726 -83873424 30545781
v 401778 -83873473 30545777
v 401777 -83873525 30545297
v 401774 -83874345 30545273
v 401776 -83876836 30545250
v 401368 -83877992 30545234
v 401169 -83878138 30545227
v 401168 -83880373 30545120
v 401176 -83881299 30545052
v 401175 -83883416 30545053
v 401173 -83886379 30545054
v 401174 -83887181 30545063
v 401386 -83887908 30545070
v 401446 -83888178 30545073
v 401171 -83888416 30545076
v 401172 -83888978 30545086
v 401380 -83889686 30545100
v 401178 -83891387 30545074
v 401177 -83898258 30543843
v 401305 -83904133 30542635
v 401284 -83904260 30542608
v 401283 -83904404 30542579
v 401188 -83904663 30542525
v 401187 -83908048 30541830
v 401189 -83910111 30541372
v 402394 -83919247 30539591
v 401287 -83920156 30539418
v 401196 -83921371 30539187
v 401195 -83929264 30537688
v 401203 -83932275 30537104
v 401202 -83941434 30535329
v 401206 -83942836 30535031
v 401413 -83943480 30534903
v 401290 -83946710 30534261
v 401289 -83950938 30533422
v 401208 -83953295 30532954
v 401207 -83957145 30532190
v 401209 -83960425 30531525
v 401416 -83974651 30528995
v 401448 -83980773 30528955
v 467234 -83982663 30528954
v 467232 -83990631 30528951
v 467236 -83996429 30528295
v 467235 -84000890 30527501
v 476706 -84004898 30526855
v 476697 -84007090 30526501
v 476699 -84008481 30526263
v 480025 -84010837 30525859
v 480027 -84012248 30525617
v 476696 -84014090 30525301
v 476694 -84016290 30524901
v 476695 -84017507 30524685
v 476621 -84020790 30524101
v 476619 -84024291 30523501
v 476620 -84026491 30523201
v 480050 -84027348 30523021
v 476617 -84028391 30522801
v 476618 -84028770 30522695
v 403344 -84031491 30521901
v 403342 -84036291 30520101
v 403341 -84037291 30519801
v 403339 -84040091 30518801
v 403340 -84041191 30518501
v 476559 -84041891 30518301
v 476557 -84045291 30518301
v 476558 -84046113 30518492
v 476555 -84049591 30519301
v 476550 -84051392 30519701
v 476549 -84053292 30520100
v 476542 -84054192 30520400
v 476543 -84056540 30520969
v 476537 -84057492 30521200
v 476532 -84061892 30522300
v 476531 -84064792 30522400
v 476529 -84065392 30522300
v 476528 -84066792 30522200
v 476524 -84067392 30522000
v 476525 -84068020 30521807
v 476271 -84068692 30521600
v 476533 -84069692 30521200
v 476272 -84075892 30517100
v 476273 -84076898 30516400
v 476269 -84080493 30513900
v 476270 -84080882 30514557
v 478885 -84081087 30514902
v 476253 -84082093 30516600
v 476251 -84083593 30518800
v 476250 -84085093 30520720
v 476247 -84085893 30521900
v 476170 -84089393 30521900
v 476166 -84097193 30521900
v 476167 -84098933 30521953
v 476164 -84100493 30522000
v 476165 -84101096 30521978
v 478897 -84102445 30521930
v 476162 -84106094 30521800
v 476149 -84107194 30521900
v 476147 -84109394 30522100
v 476148 -84109564 30522085
v 479818 -84110366 30522012
v 479819 -84111389 30521919
v 476151 -84113794 30521700
v 476150 -84114094 30521700
v 476145 -84114994 30521600
v 475958 -84115870 30521600
v 475990 -84116034 30521600
v 476490 -84116572 30521600
v 476491 -84116765 30521600
v 478913 -84117117 30521600
v 478914 -84118174 30521600
v 476143 -84119694 30521600
v 476002 -84124726 30519864
v 476000 -84129094 30517700
v 475993 -84129794 30517500
v 475994 -84133917 30515372
v 479127 -84136846 30513958
v 479126 -84137795 30513500
v 476758 -84139158 30512839
v 476713 -84154895 30505200
v 476708 -84162495 30501500
v 476709 -84163307 30501108
v 479123 -84163925 30500810
v 479125 -84167817 30498933
v 478869 -84168213 30498742
v 478870 -84170996 30497400
v 476707 -84173547 30496500
v 475128 -84174396 30496200
v 475129 -84192750 30498148
v 475054 -84205997 30498200
v 475376 -84207768 30498495
v 475375 -84221044 30500600
v 477460 -84222052 30500724
v 473906 -84222868 30500824
v 473770 -84229998 30501700
v 473766 -84248599 30502799
v 473488 -84249799 30502799
v 473478 -84251899 30502799
v 473480 -84252220 30502799
v 473473 -84253699 30502799
v 473472 -84256299 30502299
v 473466 -84260399 30500499
v 479119 -84269247 30496730
v 473492 -84274795 30494366
v 470852 -84277300 30493299
v 470847 -84280500 30491999
v 470846 -84295400 30486499
v 470585 -84301100 30484699
v 477381 -84301512 30484680
v 477451 -84301980 30484599
v 470587 -84302819 30484454
v 470553 -84304301 30484199
v 470543 -84309601 30482999
v 470542 -84312401 30482299
v 481377 -84315092 30481835
v 470539 -84316084 30481664
v 470401 -84318201 30481299
v 477943 -84334080 30479175
v 477942 -84341561 30479266
v 469610 -84343159 30479285
v 469602 -84344302 30479299
v 469608 -84346702 30479199
v 478339 -84348149 30479230
v 478338 -84352745 30479330
v 469373 -84355164 30479383
v 469369 -84357376 30479422
v 469358 -84363103 30479899
v 469356 -84366303 30480299
v 467386 -84382804 30483998
v 467381 -84383604 30483998
v 467380 -84385804 30484398
v 467366 -84387104 30484598
v 467365 -84391304 30484698
v 467364 -84396904 30485098
v 278562 -84397304 30485098
v 278559 -84397704 30484998
v 278558 -84410505 30485798
v 278557 -84419605 30487998
v 278550 -84421705 30488598
v 278548 -84424805 30489498
v 278540 -84425705 30489798
v 278539 -84429205 30490998
v 278535 -84430405 30491398
v 278533 -84431905 30491698
v 278534 -84432786 30491962
v 278530 -84432906 30491998
v 278531 -84433256 30492120
v 278499 -84439806 30494398
v 278500 -84454096 30500473
v 278501 -84456288 30500993
v 279146 -84461627 30504417
v 279149 -84462531 30504829
v 279148 -84470827 30509725
v 279164 -84474918 30511735
v 279162 -84485040 30516300
v 278029 -84488802 30518265
v 279161 -84492706 30520725
v 277468 -84494048 30521970
v 277461 -84507801 30529142
v 277462 -84516569 30529351
v 277543 -84518714 30529352
v 277544 -84518939 30529352
v 277453 -84545345 30530848
v 277455 -84546626 30530818
v 277545 -84557930 30530688
v 277442 -84589350 30536458
v 277441 -84591625 30537213
v 277439 -84595198 30538266
v 277436 -84599591 30539548
v 277431 -84599962 30539708
v 277432 -84609878 30543420
v 277542 -84613574 30545332
v 277420 -84616373 30546781
v 276395 -84631911 30554861
v 276251 -84632599 30555251
v 276249 -84633181 30555641
v 276250 -84636636 30557478
v 276415 -84659567 30566357
v 276177 -84673119 30570404
v 276176 -84673781 30570541
v 276155 -84681352 30572879
v 276156 -84687320 30574600
v 276125 -84696679 30577300
v 276122 -84699646 30578148
v 276117 -84702928 30579087
v 276118 -84713121 30584685
v 276396 -84724034 30595416
v 276067 -84724405 30595965
v 276065 -84724802 30596561
v 276066 -84734345 30604038
v 276043 -84736246 30604805
v 276044 -84744363 30609559
v 276014 -84745808 30610253
v 275811 -84761352 30614401
v 275807 -84781743 30622054
v 275808 -84795456 30622243
v 275809 -84807637 30620268
v 275810 -84808792 30619901
v 275649 -84819301 30617460
v 275650 -84819646 30617460
v 275653 -84822003 30617276
v 275654 -84823354 30617253
v 275651 -84825367 30617322
v 275652 -84829660 30617609
v 275645 -84834929 30619131
v 275646 -84840724 30621299
v 274357 -84846611 30623413
v 273972 -84871540 30631589
v 273959 -84880438 30632751
v 273958 -84881046 30632775
v 273961 -84886832 30632347
v 273963 -84890058 30631698
v 273962 -84892200 30631136
v 273955 -84895996 30630625
v 273953 -84899299 30631436
v 273954 -84903481 30633078
v 273960 -84904258 30633383
v 391250 -84905085 30633708
v 391246 -84916382 30638143
v 391207 -84924334 30638680
v 391218 -84932202 30636069
v 391220 -84934580 30635893
v 391219 -84938508 30636023
v 391216 -84939726 30636092
v 391217 -84940010 30636110
v 391215 -84944045 30636367
v 391214 -84947091 30636458
v 391212 -84948999 30636481
v 391210 -84949529 30636481
v 391211 -84949688 30636492
v 391242 -84958378 30637763
v 391193 -84967969 30641014
v 391192 -84973030 30640578
v 391194 -84974037 30640394
v 391198 -84974858 30640257
v 391197 -84978381 30639820
v 391199 -84979044 30639706
v 391202 -84984740 30639108
v 391203 -84985536 30639062
v 391200 -84986701 30639153
v 391201 -84989426 30639391
v 391248 -85005959 30643981
v 398429 -85011945 30647924
v 398489 -85012232 30648054
v 398423 -85013058 30648429
v 398422 -85013243 30648520
v 398420 -85014567 30649414
v 398421 -85016306 30650802
v 398554 -85018291 30651491
v 398555 -85025513 30652391
v 398404 -85032638 30654162
v 398400 -85036109 30655859
v 398398 -85038149 30657050
v 398396 -85040269 30658059
v 398397 -85044646 30660434
v 398543 -85045144 30660704
v 398540 -85054361 30665674
v 398539 -85055767 30666420
v 398491 -85061576 30669379
v 398492 -85077308 30675995
v 398493 -85079546 30676848
v 398362 -85080156 30677031
v 398363 -85083179 30678268
v 398495 -85102358 30683750
v 398530 -85116167 30689713
v 397862 -85126660 30695620
v 397863 -85129197 30697079
v 397860 -85131165 30698211
v 397861 -85133015 30699258
v 397858 -85138507 30702384
v 397859 -85140070 30703274
v 397894 -85147936 30707744
v 397857 -85162446 30715818
v 397641 -85163453 30716300
v 397608 -85164143 30716667
v 397609 -85180698 30720637
v 397595 -85182652 30721023
v 397594 -85185198 30721573
v 397593 -85186842 30721916
v 397591 -85188009 30722237
v 397592 -85199744 30724677
v 397893 -85200988 30724921
v 397925 -85207780 30726253
v 397856 -85210552 30726796
v 397578 -85212275 30727070
v 397576 -85213549 30727254
v 397577 -85219088 30728607
v 397855 -85229013 30732772
v 397854 -85230074 30733299
v 397562 -85231003 30733780
v 397559 -85233203 30734807
v 397560 -85237587 30736853
v 397853 -85238802 30737420
v 397852 -85239492 30737695
v 397557 -85240262 30738015
v 397558 -85242696 30739192
v 397889 -85244672 30740147
v 397890 -85245101 30740354
v 397851 -85245568 30740580
v 397850 -85246656 30741106
v 397544 -85247319 30741381
v 394473 -85263893 30749636
v 394453 -85268234 30751889
v 390455 -85270526 30753061
v 394452 -85272045 30753779
v 394450 -85272345 30753930
v 394448 -85273300 30754503
v 394444 -85274785 30755099
v 394445 -85280170 30757392
v 394474 -85287297 30758418
v 394477 -85292824 30758609
v 394478 -85316018 30758705
v 394598 -85319977 30758098
v 394597 -85323981 30757554
v 394589 -85326538 30757326
v 394590 -85333924 30758596
v 394416 -85338657 30758359
v 393934 -85361564 30755783
v 393933 -85375720 30754400
v 393935 -85377259 30754148
v 393936 -85379700 30753760
v 393937 -85379992 30753668
v 393932 -85381743 30753463
v 393942 -85382317 30753374
v 393941 -85395964 30751246
v 396419 -85409094 30748794
v 396424 -85411402 30748382
v 396427 -85412330 30748199
v 396429 -85414134 30747856
v 396665 -85414679 30747826
v 396656 -85415019 30747808
v 396430 -85415806 30747765
v 396433 -85416787 30747673
v 396432 -85432598 30746713
v 1034050 -85450306 30745669
v 1034048 -85451800 30745581
v 1034047 -85454389 30745429
v 1033878 -85455607 30745357
v 1033877 -85461010 30745039
v 1033882 -85462204 30745016
v 1033880 -85463026 30745016
v 1033879 -85465361 30744924
v 1033992 -85471718 30745051
v 1033876 -85495418 30745419
v 1033573 -85508148 30745648
v 1033267 -85508997 30745671
v 1033572 -85509634 30745695
v 1033268 -85512672 30745710
v 1033260 -85516638 30745652
v 1033261 -85537595 30745773
v 1033266 -85541507 30745875
v 1033263 -85548313 30746531
v 1033264 -85550021 30746916
v 1033256 -85550276 30746967
v 1033248 -85552027 30747333
v 1033251 -85554149 30747768
v 1033252 -85571400 30750655
v 1032090 -85583894 30751934
v 1031501 -85585114 30752026
v 1032076 -85588903 30752484
v 1032116 -85590626 30752682
v 1032088 -85605068 30754334
v 1032041 -85610169 30754973
v 378702 -85621174 30756352
v 378335 -85624930 30756823
v 378336 -85630039 30757420
v 378329 -85639458 30758707
v 378330 -85668326 30762288
v 379031 -85673802 30762355
v 379793 -85674250 30762361
v 379208 -85680621 30762440
v 378318 -85681434 30762450
v 378317 -85681991 30762450
v 378316 -85685043 30762519
v 378315 -85688200 30762519
v 378313 -85688545 30762565
v 378314 -85688805 30762582
v 378311 -85696559 30762610
v 378312 -85700991 30762656
v 378309 -85713516 30762584
v 378471 -85718237 30761830
v 378666 -85719144 30761703
v 378646 -85724036 30761020
v 378645 -85735336 30759904
v 1031668 -85741435 30759924
v 1031442 -85745044 30759977
v 1031443 -85779296 30760457
v 1031479 -85784144 30760420
v 1031478 -85793434 30760177
v 1031473 -85798316 30759765
v 1031477 -85799908 30759651
v 1031639 -85803576 30759291
v 1031447 -85806692 30759022
v 1031446 -85807763 30759056
v 1031453 -85809195 30758953
v 1031452 -85810549 30758758
v 1031444 -85812698 30758552
v 1031454 -85814794 30758345
v 1031455 -85815750 30758231
v 1031499 -85830553 30756657
v 377659 -85831126 30756595
v 377603 -85831990 30756504
v 377602 -85851651 30753274
v 377604 -85853720 30752929
v 379054 -85865364 30748563
v 378762 -85868274 30746975
v 378761 -85884691 30737997
v 378895 -85902478 30728195
v 378872 -85905930 30726565
v 378831 -85908759 30725240
v 378991 -85916862 30721613
v 378837 -85917782 30721177
v 378836 -85924464 30717978
v 378838 -85925260 30717680
v 378839 -85926314 30719256
v 378977 -85928627 30721900
v 379354 -85929231 30722513
v 378979 -85930076 30723371
v 378934 -85930815 30724120
v 378935 -85931673 30725285
v 378800 -85931970 30725610
v 378801 -85932136 30725748
v 378799 -85932712 30726229
v 378891 -85935657 30726229
v 378890 -85935836 30726107
v 378803 -85935894 30726067
v 378802 -85936665 30725542
v 378793 -85937434 30727215
v 378925 -85938046 30726595
v 378952 -85940153 30725089
v 378953 -85943524 30724440
v 378951 -85954772 30725000
v 378949 -85959114 30724776
v 378950 -85961602 30725465
v 378948 -85964817 30726499
v 378903 -85966563 30726547
v 378914 -85968303 30726462
v 378947 -85972444 30726487
v 378944 -85974175 30726499
v 378810 -85976841 30724264
v 378808 -85978445 30723061
v 378942 -85985080 30720954
v 378828 -85994597 30718128
v 375555 -85999937 30718194
v 375552 -86005274 30718493
v 375553 -86005610 30718403
v 375566 -86018737 30716574
v 375559 -86023811 30720600
v 375560 -86032594 30722796
v 375577 -86037528 30722269
v 1024352 -86038376 30722060
v 1024408 -86044115 30720349
v 1024407 -86045249 30720545
v 1024372 -86047556 30721600
v 1024374 -86048452 30722016
v 1024300 -86054506 30724832
v 1024301 -86055912 30725361
v 1025171 -86056436 30725559
v 1025167 -86056802 30725697
v 1025168 -86057424 30725932
v 1025158 -86058483 30726094
v 1025166 -86059507 30726250
v 1025153 -86063649 30726771
v 1024809 -86065476 30726941
v 1024261 -86066630 30727010
v 1024262 -86067144 30727065
v 1024252 -86071511 30727537
v 1024254 -86073215 30727672
v 1024971 -86075542 30727857
v 1024972 -86075780 30727876
v 1024799 -86078700 30728109
v 1025128 -86080409 30728160
v 1025130 -86082111 30728189
v 1025141 -86082797 30728148
v 1024251 -86085022 30727826
v 1024250 -86086552 30727604
v 1024255 -86088674 30727351
v 1025587 -86090138 30727121
v 1024266 -86090759 30727023
v 1024265 -86091301 30726938
v 1024270 -86093449 30726388
v 1024282 -86094566 30725756
v 1024280 -86094749 30725654
v 1024875 -86097029 30724317
v 1024874 -86098538 30723433
v 1024331 -86099209 30723077
v 1024330 -86099474 30722940
v 1024869 -86100316 30722348
v 1024346 -86100452 30722267
v 1024397 -86101668 30721475
v 1024396 -86103688 30720839
v 1024395 -86104139 30720839
v 1024394 -86105943 30720907
v 1024392 -86107083 30720930
v 1024393 -86108275 30720975
v 1024390 -86109444 30721020
v 1024389 -86110717 30721089
v 1024384 -86111805 30721157
v 1024381 -86113105 30721225
v 1024379 -86114219 30721294
v 1024377 -86115360 30721408
v 1024376 -86116606 30721407
v 1024369 -86117800 30721499
v 1024366 -86118888 30721567
v 1024361 -86120267 30721841
v 1024360 -86120718 30721910
v 1024345 -86121461 30722253
v 1024332 -86122098 30722826
v 1024249 -86123063 30723262
v 1024320 -86123770 30723582
v 1024311 -86124490 30724040
v 1023726 -86125709 30724565
v 1023727 -86125683 30724611
v 1023721 -86126956 30725139
v 1023719 -86127805 30725506
v 1023712 -86129078 30726080
v 1023710 -86129874 30726447
v 1023700 -86131041 30726974
v 1023696 -86132128 30727456
v 1023697 -86132389 30727572
v 1023692 -86133110 30727892
v 1023693 -86133929 30728283
v 1024104 -86135996 30729269
v 1023676 -86138255 30730347
v 1023674 -86138547 30730530
v 1023675 -86139749 30730953
v 1023673 -86140112 30731081
v 1023671 -86140324 30731264
v 1023672 -86140778 30731487
v 1024120 -86142022 30732097
v 1019240 -86142484 30732324
v 1019241 -86144249 30733191
v 1023664 -86144806 30733420
v 1023662 -86145098 30733512
v 1023663 -86145741 30733679
v 1024160 -86146465 30733866
v 1023658 -86146955 30733994
v 1023655 -86148573 30734338
v 1023656 -86149936 30734584
v 1029151 -86150316 30734653
v 1029781 -86152124 30734980
v 1029149 -86152643 30735074
v 1029150 -86153054 30735148
v 1029780 -86154219 30735360
v 1024176 -86154463 30735405
v 1024125 -86156235 30735729
v 1024126 -86156930 30735856
v 1024095 -86158043 30736057
v 1024096 -86158456 30736128
v 1024137 -86158921 30736212
v 1024138 -86166827 30737642
v 1027970 -86167252 30737719
v 1024088 -86167405 30737747
v 1024089 -86168732 30737987
v 1023642 -86170249 30738262
v 1023643 -86171437 30738486
v 1029612 -86171938 30738581
v 1023639 -86174255 30739019
v 1022758 -86178555 30739802
v 1024080 -86182540 30740529
v 1024081 -86182804 30740577
v 1028672 -86186957 30741335
v 1023625 -86188210 30741563
v 1023626 -86193540 30742515
v 1028667 -86200406 30743742
v 1024135 -86200966 30743842
v 1023588 -86207156 30745000
v 1023590 -86209849 30745523
v 1023582 -86213977 30746208
v 1023578 -86227748 30746921
v 1023579 -86231820 30747182
v 1028207 -86234431 30747541
v 1023576 -86235072 30747629
v 1023577 -86240273 30748720
v 1023571 -86241175 30748910
v 1023572 -86241453 30748969
v 1023569 -86247438 30749722
v 1023257 -86252792 30749801
v 1023255 -86257701 30749837
v 1023256 -86263553 30750176
v 1022260 -86265244 30750319
v 1022261 -86267000 30750517
v 1022131 -86273120 30751205
v 1022132 -86275407 30751442
v 1022124 -86278878 30751802
v 1022122 -86282858 30752009
v 1023547 -86289972 30750380
v 1023546 -86297003 30748471
v 1023480 -86297439 30748351
v 1023270 -86299332 30747829
v 1023269 -86302203 30747087
v 1022772 -86304902 30746351
v 1023274 -86313374 30744040
v 1028050 -86316458 30743079
v 1023488 -86319073 30742701
v 1023282 -86319850 30742557
v 1023281 -86322236 30742114
v 1023288 -86324506 30741621
v 1023287 -86326136 30741267
v 1023559 -86328865 30740797
v 1023558 -86333051 30740077
v 1022295 -86338945 30739063
v 1021785 -86344736 30737932
v 1023293 -86348530 30737115
v 1023508 -86348602 30736819
v 1023540 -86348818 30736417
v 1023300 -86348941 30736241
v 1023299 -86350704 30733722
v 1023301 -86351340 30732759
v 1023302 -86354020 30732827
v 1023303 -86354577 30732735
v 1023304 -86358516 30732916
v 1023247 -86370151 30733944
v 1023246 -86386408 30731012
v 648119 -86391610 30729758
v 648118 -86402174 30727210
v 648132 -86429678 30720743
v 648135 -86433606 30719888
v 647957 -86441264 30718294
v 647954 -86448484 30717798
v 647955 -86453206 30718348
v 647959 -86454082 30718279
v 647952 -86454613 30718233
v 647953 -86464890 30719594
v 647946 -86471750 30720315
v 647947 -86484505 30722218
v 648136 -86492547 30724994
v 647275 -86500504 30726883
v 647276 -86506131 30726966
v 647743 -86510205 30727011
v 647550 -86520639 30727275
v 647551 -86530535 30727329
v 647718 -86532700 30727128
v 647557 -86536778 30726889
v 647556 -86541918 30726795
v 654588 -86543569 30726765
v 654589 -86545688 30726726
v 647554 -86551472 30726621
v 647281 -86556983 30726430
v 647279 -86557411 30726531
v 647603 -86560352 30726246
v 654712 -86564313 30725851
v 647289 -86565508 30725732
v 647288 -86566192 30725706
v 647287 -86568527 30725683
v 647285 -86570225 30725683
v 647286 -86570862 30725706
v 647291 -86576919 30725692
v 647290 -86585029 30725407
v 647539 -86585188 30725567
v 647538 -86593473 30722359
v 646740 -86593805 30722028
v 646723 -86597650 30719091
v 646722 -86601140 30717378
v 647136 -86602215 30717041
v 646956 -86604809 30716248
v 646957 -86605078 30716240
v 646954 -86609882 30716093
v 646958 -86614949 30715474
v 647031 -86618158 30714583
v 647029 -86648235 30715737
v 647028 -86670035 30715584
v 647027 -86676909 30715149
v 646971 -86695544 30713569
v 646970 -86733802 30704939
v 647018 -86738358 30703332
v 647021 -86747720 30699765
v 647020 -86749869 30699001
v 646641 -86749956 30698970
v 646583 -86751242 30698624
v 646582 -86753444 30697777
v 646586 -86754133 30697548
v 646590 -86759200 30695808
v 646591 -86767080 30693234
v 646642 -86791905 30685298
v 646598 -86792356 30685183
v 913708 -86792860 30685023
v 913706 -86807869 30680886
v 913705 -86821209 30677415
v 918121 -86843034 30671697
v 913742 -86845905 30671027
v 913730 -86854499 30667389
v 913262 -86862862 30663443
v 913261 -86877439 30656268
v 913263 -86878075 30655947
v 913259 -86879113 30658671
v 913260 -86882873 30657027
v 913268 -86887991 30654623
v 913277 -86916814 30647298
v 913276 -86919701 30646632
v 913283 -86928105 30644753
v 919090 -86934634 30643294
v 913296 -86944543 30641081
v 913295 -86946527 30640558
v 913300 -86954272 30638858
v 913298 -86955063 30638678
v 913307 -86955633 30638549
v 913306 -86962882 30636912
v 913308 -86964552 30636522
v 913309 -86966937 30635971
v 913312 -86968925 30635489
v 913314 -86969589 30635385
v 913313 -86970091 30635306
v 913315 -86970992 30635030
v 913318 -86972423 30634732
v 913320 -86979978 30633057
v 913323 -86984609 30632006
v 913325 -86988318 30631165
v 913324 -86995772 30629475
v 909239 -86998821 30628790
v 909238 -87000309 30628648
v 909261 -87004289 30627687
v 916584 -87006093 30627251
v 909292 -87007840 30626828
v 909291 -87008636 30626635
v 909298 -87010493 30626291
v 909538 -87014630 30625338
v 909537 -87017146 30624708
v 909555 -87020989 30624359
v 909549 -87021095 30624451
v 909416 -87022896 30625952
v 909296 -87023161 30626319
v 909260 -87024910 30627672
v 909250 -87027030 30628085
v 909255 -87028090 30627971
v 909527 -87032801 30625300
v 909526 -87033418 30624825
v 911171 -87033958 30624595
v 910842 -87034471 30624354
v 910841 -87034793 30624116
v 910844 -87035048 30623927
v 910843 -87035333 30623715
v 909579 -87035617 30623503
v 909578 -87036095 30623148
v 909580 -87037182 30624340
v 909548 -87038507 30624501
v 909547 -87038957 30624570
v 909535 -87039964 30624757
v 909536 -87041176 30625043
v 909423 -87041834 30625200
v 909424 -87042285 30625331
v 909314 -87043119 30625572
v 909313 -87043357 30625629
v 909309 -87044789 30625819
v 909308 -87047677 30625664
v 909306 -87048048 30625664
v 909307 -87048972 30625532
v 916473 -87049374 30625549
v 918082 -87051661 30625844
v 909530 -87052085 30625904
v 916472 -87054041 30626252
v 918084 -87054862 30626462
v 909293 -87055310 30626577
v 909276 -87056185 30626737
v 909280 -87059188 30627783
v 909166 -87064083 30630817
v 909167 -87064277 30630884
v 909500 -87064917 30631062
v 909156 -87065406 30631227
v 909157 -87066575 30631739
v 909132 -87067449 30632147
v 909127 -87068416 30632709
v 909126 -87068791 30632875
v 909105 -87071266 30634278
v 909106 -87071396 30634339
v 908323 -87073086 30635132
v 908319 -87074390 30635746
v 908320 -87074735 30635908
v 909060 -87075216 30636134
v 917289 -87075322 30636180
v 917288 -87075741 30636350
v 908315 -87076830 30636792
v 908316 -87077469 30637051
v 909021 -87079537 30637555
v 908997 -87082691 30638471
v 908992 -87084706 30638975
v 908979 -87087887 30639846
v 908980 -87092086 30640757
v 908969 -87093639 30640991
v 916452 -87094748 30641889
v 916451 -87095692 30642697
v 916450 -87095913 30642876
v 916449 -87096040 30642952
v 908952 -87097032 30645667
v 916448 -87104552 30646813
v 916447 -87106445 30646830
v 916446 -87114740 30646905
v 916445 -87122001 30646971
v 908349 -87128004 30646651
v 908350 -87135009 30646760
v 908353 -87136502 30646800
v 907364 -87140220 30646900
v 907365 -87142536 30646963
v 908354 -87147314 30647069
v 908325 -87148077 30647086
v 908201 -87149615 30647109
v 908203 -87152106 30647196
v 916415 -87153416 30647242
v 908355 -87155778 30647416
v 908380 -87158381 30647238
v 916419 -87162444 30647334
v 916414 -87165052 30647396
v 908198 -87166661 30647434
v 908197 -87181108 30647618
v 908196 -87184633 30647664
v 908180 -87187106 30650360
v 908181 -87187682 30650988
v 908184 -87189542 30653125
v 908373 -87189931 30653581
v 918967 -87191260 30655114
v 918963 -87192652 30656720
v 918964 -87194310 30658623
v 908183 -87195997 30660344
v 908169 -87198288 30661782
v 908168 -87198686 30661920
v 908160 -87200515 30662791
v 908161 -87200906 30662991
v 908154 -87203777 30664463
v 908156 -87207160 30666093
v 908314 -87213262 30669034
v 908146 -87223002 30672459
v 908147 -87233093 30672881
v 908145 -87246628 30673184
v 907957 -87248087 30673183
v 907955 -87266215 30670390
v 907954 -87266470 30670324
v 248239 -87266752 30670373
v 248238 -87267070 30670345
v 248043 -87273085 30668813
v 248042 -87292695 30663730
v 248316 -87297599 30662464
v 248048 -87298828 30662147
v 248047 -87301696 30661000
v 248055 -87304622 30659466
v 248053 -87305369 30659193
v 248264 -87310297 30656466
v 248243 -87312092 30655473
v 248068 -87314559 30654108
v 248067 -87316345 30653120
v 248083 -87317462 30652518
v 248082 -87321064 30650575
v 248094 -87317432 30643768
v 248111 -87317670 30642783
v 248116 -87318412 30640009
v 248120 -87319075 30637717
v 248132 -87319402 30636393
v 248144 -87320055 30633752
v 248149 -87320267 30632858
v 248122 -87320589 30631640
v 248121 -87321193 30629356
v 259750 -87322271 30624967
v 249685 -87322357 30624621
v 249684 -87322673 30623360
v 249695 -87322809 30622901
v 260580 -87323887 30622901
v 260582 -87325894 30622887
v 260581 -87326575 30622882
v 249679 -87327670 30622874
v 249678 -87327447 30622480
v 249698 -87327011 30621736
v 249686 -87327496 30621736
v 249683 -87328763 30621784
v 249680 -87329304 30621804
v 249676 -87330377 30621828
v 249675 -87331065 30621845
v 249662 -87331396 30621852
v 249659 -87335333 30621931
v 249590 -87338022 30621967
v 249589 -87340184 30621995
v 249579 -87344216 30622016
v 249577 -87348648 30618336
v 249583 -87351848 30615696
v 249580 -87351840 30614891
v 249612 -87351832 30614145
v 249615 -87352840 30614097
v 249603 -87353704 30614081
v 249574 -87356952 30611329
v 249595 -87361288 30607697
v 249599 -87362936 30607665
v 249598 -87363720 30607425
v 249600 -87364424 30606113
v 249601 -87368441 30602731
v 248456 -87368649 30602433
v 248454 -87378526 30598246
v 248445 -87378780 30598217
v 248444 -87382032 30597854
v 248457 -87386846 30597630
v 248458 -87392465 30599027
v 248452 -87394343 30599558
v 248453 -87399545 30600921
v 248702 -87400516 30601427
v 305 -87403807 30603649
v 187 -87408649 30607630
v 188 -87404198 30606552
v 311 -87399221 30610389
v 175 -87398285 30616451
v 176 -87397805 30618002
