v 634662 -80692039 24881929
v 634661 -80691890 24881998
v 634537 -80691477 24882191
v 634536 -80690907 24882456
v 634660 -80690373 24882683
v 634659 -80688526 24883746
v 634658 -80684213 24885838
v 634667 -80680836 24887517
v 634539 -80680272 24887797
v 634538 -80679439 24888213
v 634657 -80667462 24894130
v 634670 -80667151 24894291
v 634656 -80666258 24894766
v 634541 -80666066 24894865
v 634540 -80661884 24896883
v 634655 -80660395 24897604
v 634653 -80660021 24897785
v 634652 -80659679 24897951
v 634668 -80657381 24899166
v 634543 -80656442 24899821
v 634542 -80656250 24899955
v 634545 -80655988 24900186
v 634544 -80651974 24903717
v 634663 -80651183 24904367
v 634547 -80650122 24905241
v 634546 -80649357 24905872
v 634549 -80647647 24907340
v 634551 -80646424 24908343
v 634550 -80645634 24908991
v 634552 -80645131 24909473
v 632547 -80644628 24910000
v 632546 -80644456 24910145
v 634553 -80644275 24910298
v 634554 -80643370 24911032
v 634558 -80642992 24911376
v 634560 -80641357 24912889
v 634565 -80640803 24913347
v 634567 -80639922 24914081
v 634580 -80638670 24915264
v 634579 -80638563 24915365
v 635326 -80638240 24915641
v 635324 -80637912 24915921
v 635322 -80637650 24916145
v 634582 -80637396 24916363
v 634581 -80636927 24916764
v 634583 -80636474 24917085
v 635395 -80636324 24917221
v 635397 -80636026 24917492
v 634666 -80635886 24917619
v 634600 -80635566 24917912
v 634599 -80634663 24918736
v 634598 -80634134 24919287
v 635400 -80633671 24919684
v 635394 -80633589 24919755
v 635393 -80633442 24919881
v 635401 -80633177 24920109
v 634626 -80632640 24920570
v 634625 -80632398 24920777
v 634624 -80632046 24921029
v 634623 -80631744 24921281
v 634622 -80631341 24921625
v 632805 -80629202 24923574
v 634617 -80628555 24924146
v 634611 -80628397 24924285
v 634612 -80628177 24924469
v 635175 -80627838 24924751
v 635177 -80627597 24924952
v 634606 -80626610 24925776
v 634607 -80626151 24926197
v 635102 -80625854 24926469
v 635163 -80624722 24927505
v 635166 -80624575 24927636
v 634972 -80623950 24928190
v 634973 -80623683 24928426
v 634964 -80623412 24928667
v 634965 -80623219 24928819
v 634962 -80622104 24929699
v 634963 -80621481 24930311
v 635430 -80621162 24930625
v 635153 -80620873 24930908
v 634958 -80620445 24931329
v 634959 -80619216 24932285
v 635316 -80618983 24932466
v 634954 -80618232 24933050
v 634949 -80616296 24934657
v 634948 -80615692 24935161
v 634947 -80614837 24935735
v 634945 -80611693 24938420
v 634946 -80610490 24939397
v 634976 -80606924 24942464
v 634939 -80605733 24943491
v 634940 -80600088 24947579
v 634989 -80599942 24947642
v 634991 -80597598 24948657
v 634992 -80596098 24949307
v 634994 -80594500 24949911
v 634997 -80592311 24950681
v 634998 -80591181 24951080
v 634979 -80588451 24952151
v 634980 -80587666 24952467
v 634974 -80587094 24952697
v 634975 -80583233 24954161
v 634888 -80582940 24954254
v 634883 -80582537 24954461
v 634884 -80578268 24956211
v 635007 -80576106 24957098
v 635009 -80575668 24957278
v 634876 -80572750 24958476
v 634871 -80571165 24959141
v 634868 -80570158 24959486
v 634863 -80569555 24959646
v 634864 -80568655 24960151
v 634862 -80568246 24960380
v 634857 -80567366 24960885
v 634858 -80566425 24961588
v 632588 -80565692 24962274
v 632589 -80565642 24962321
v 634853 -80564774 24963133
v 634854 -80564112 24963826
v 634849 -80563440 24964532
v 634850 -80562772 24965313
v 634825 -80562283 24965886
v 634821 -80561729 24966574
v 634820 -80561050 24967285
v 632600 -80560471 24967973
v 632597 -80558357 24970313
v 634819 -80555009 24974132
v 634817 -80554456 24974762
v 634818 -80553745 24975550
v 634815 -80553525 24975794
v 634798 -80552544 24976827
v 634792 -80551134 24978295
v 634793 -80550716 24978696
v 634791 -80549725 24979648
v 634789 -80549272 24980428
v 634790 -80548820 24980849
v 635024 -80548763 24980903
v 635025 -80548545 24981106
v 635026 -80548447 24981198
v 634778 -80548315 24981322
v 632642 -80548013 24981689
v 634774 -80547661 24982033
v 634767 -80547485 24982515
v 634730 -80545144 24984946
v 634729 -80544464 24985657
v 634723 -80544338 24985910
v 634722 -80543734 24986506
v 634724 -80543595 24986659
v 635030 -80540079 24993031
v 635031 -80539654 24993891
v 634691 -80539631 24993938
v 634692 -80539495 24994269
v 635032 -80539268 24994824
v 635035 -80538723 24996162
v 634682 -80538472 24996782
v 634678 -80537717 24998846
v 634679 -80537311 24999892
v 633765 -80536962 25000887
v 633754 -80536484 25001555
v 633742 -80534948 25002450
v 633737 -80534294 25002656
v 633738 -80532205 25002793
v 633777 -80530520 25002707
v 633776 -80530132 25002687
v 633741 -80529437 25002652
v 633739 -80528605 25002609
v 633740 -80524225 25003090
v 633837 -80522965 25003989
v 633720 -80522211 25004489
v 633715 -80521481 25005177
v 633708 -80520952 25005681
v 633699 -80520424 25006208
v 633695 -80520071 25006644
v 633696 -80519640 25007005
v 633689 -80519467 25007149
v 633688 -80519391 25007332
v 633681 -80518711 25007883
v 633682 -80517898 25008710
v 633674 -80517427 25009190
v 633621 -80516017 25010749
v 633622 -80515186 25011598
v 633661 -80514060 25012656
v 633651 -80513649 25013088
v 633648 -80513145 25013432
v 633646 -80513019 25013707
v 633641 -80512893 25014327
v 633640 -80512717 25014785
v 633638 -80512389 25015611
v 633636 -80512188 25015978
v 633633 -80512162 25016529
v 633634 -80512045 25016856
v 633623 -80511759 25018455
v 633624 -80511481 25019983
v 633603 -80511002 25022034
v 633604 -80510317 25023856
v 633822 -80509616 25024785
v 633827 -80509105 25025275
v 633793 -80508877 25025495
v 633794 -80504937 25029701
v 633586 -80501380 25033499
v 633587 -80501067 25033850
v 633582 -80500252 25034943
v 633583 -80499602 25035515
v 634406 -80499226 25035967
v 634377 -80499142 25036068
v 633357 -80498955 25036210
v 633358 -80498312 25036986
v 633577 -80497427 25037981
v 633578 -80496676 25038684
v 634375 -80495846 25039579
v 634372 -80494638 25040842
v 634374 -80494537 25040949
v 634369 -80494160 25041346
v 634370 -80493434 25042108
v 634364 -80493002 25042563
v 634365 -80492764 25042847
v 634361 -80492574 25042953
v 634362 -80492235 25043439
v 634363 -80491601 25044170
v 634358 -80491567 25044306
v 634359 -80491326 25044453
v 634427 -80490859 25044877
v 634349 -80490510 25045179
v 634351 -80490475 25045253
v 635439 -80490435 25045339
v 634347 -80490334 25045362
v 634348 -80490094 25045680
v 634344 -80489982 25045729
v 634341 -80489529 25046256
v 634340 -80488900 25046899
v 634339 -80488521 25047472
v 634336 -80488219 25047610
v 634330 -80487791 25048275
v 634331 -80487023 25048955
v 634326 -80486910 25049055
v 634327 -80486810 25049308
v 635125 -80486626 25049475
v 634319 -80486482 25049606
v 634321 -80486453 25049648
v 634316 -80486130 25050111
v 634314 -80485828 25050226
v 634315 -80485790 25050278
v 634428 -80485555 25050606
v 634312 -80485400 25050822
v 634310 -80485174 25051052
v 634311 -80484973 25051255
v 634309 -80484469 25051763
v 634307 -80484167 25052130
v 634308 -80483118 25053271
v 634459 -80480192 25056458
v 634468 -80479007 25057749
v 634471 -80477988 25058860
v 634298 -80476942 25059909
v 632541 -80476791 25060161
v 632540 -80476666 25060289
v 632874 -80475890 25061085
v 634297 -80474400 25062616
v 634288 -80466519 25071356
v 634289 -80466019 25071914
v 634283 -80465638 25072274
v 633368 -80464916 25073011
v 633369 -80464042 25073785
v 633440 -80463650 25074131
v 633441 -80462767 25074913
v 634270 -80461735 25076060
v 634268 -80461432 25076335
v 634267 -80460828 25076656
v 634262 -80460350 25077138
v 634260 -80459997 25077390
v 634257 -80459896 25077666
v 634256 -80459594 25077918
v 634254 -80459418 25078102
v 634255 -80459004 25078438
v 635127 -80458637 25078736
v 635368 -80458303 25079007
v 634243 -80457554 25079616
v 634239 -80456975 25080075
v 634232 -80455263 25081704
v 634229 -80454961 25082071
v 634223 -80454658 25082415
v 632528 -80453752 25083137
v 632529 -80453515 25083348
v 632537 -80453198 25083631
v 634210 -80452617 25084159
v 634195 -80452190 25084548
v 634189 -80451712 25084938
v 634188 -80451510 25085030
v 634166 -80450125 25086292
v 634167 -80449299 25087203
v 634156 -80448664 25087805
v 634144 -80448085 25088378
v 632533 -80447594 25088736
v 632534 -80447063 25089288
v 634130 -80446725 25089640
v 634126 -80446121 25089938
v 634122 -80445718 25090282
v 634123 -80445675 25090369
v 635233 -80445404 25090635
v 634117 -80445290 25090695
v 634118 -80445100 25090982
v 634454 -80445001 25091088
v 634455 -80444819 25091284
v 634106 -80444534 25091590
v 634107 -80444407 25091642
v 634451 -80444307 25091682
v 634452 -80444239 25091741
v 634449 -80444080 25091880
v 634447 -80443737 25092181
v 634446 -80443399 25092479
v 634444 -80442969 25092858
v 634091 -80442064 25093655
v 634090 -80441233 25094274
v 634073 -80439621 25095559
v 634070 -80439168 25096132
v 634065 -80438538 25096683
v 634066 -80438475 25096708
v 634056 -80437908 25097233
v 634057 -80437757 25097485
v 634041 -80436221 25098632
v 634040 -80435742 25099206
v 634039 -80435263 25099458
v 634034 -80434407 25100284
v 634029 -80432795 25101958
v 634030 -80431427 25103449
v 634015 -80431258 25103656
v 634016 -80430883 25104099
v 634009 -80430578 25104459
v 634004 -80430225 25104894
v 634005 -80430102 25105031
v 634000 -80429998 25105147
v 634001 -80429750 25105415
v 633994 -80429696 25105514
v 633990 -80429318 25105972
v 633988 -80429066 25106271
v 633424 -80427550 25107966
v 633425 -80426068 25109756
v 633978 -80425961 25109964
v 635195 -80425145 25110836
v 635218 -80425084 25110906
v 633975 -80424985 25111018
v 632889 -80423486 25112918
v 632890 -80423322 25113128
v 633958 -80423203 25113227
v 633941 -80422364 25114160
v 633942 -80421665 25115076
v 635210 -80421459 25115289
v 635208 -80421383 25115368
v 635203 -80421300 25115536
v 633919 -80421281 25115605
v 632575 -80421143 25115747
v 633899 -80419718 25117210
v 633895 -80419391 25117830
v 633891 -80418282 25118999
v 633887 -80417904 25119504
v 633884 -80417450 25120009
v 633877 -80417021 25120559
v 633874 -80416467 25121247
v 633875 -80416332 25121478
v 633873 -80416063 25121775
v 633868 -80415610 25122165
v 633854 -80413392 25124756
v 633354 -80412939 25125402
v 633352 -80412763 25125837
v 633351 -80412234 25126163
v 633347 -80411579 25127195
v 633343 -80411439 25127323
v 633344 -80411327 25127516
v 633339 -80409966 25129120
v 633338 -80409739 25129258
v 633327 -80408908 25130175
v 633324 -80408380 25130971
v 633319 -80408053 25131420
v 633314 -80407729 25131753
v 633307 -80407194 25132423
v 633302 -80406596 25133142
v 633293 -80406034 25133845
v 633286 -80405303 25134579
v 633280 -80404547 25135450
v 633269 -80403993 25136115
v 633258 -80403514 25136712
v 633255 -80403489 25136987
v 633249 -80403161 25137239
v 633250 -80402698 25137758
v 633370 -80402542 25137932
v 633243 -80402031 25138504
v 633376 -80401850 25138707
v 633396 -80401614 25139058
v 633234 -80401371 25139280
v 633231 -80400817 25139899
v 633228 -80400313 25140473
v 633209 -80398472 25142766
v 633199 -80396884 25144440
v 633200 -80396749 25144712
v 633391 -80395056 25146750
v 633392 -80393760 25148247
v 633389 -80393180 25148919
v 633185 -80392573 25149623
v 633178 -80391691 25150723
v 633169 -80390909 25151640
v 633168 -80390204 25152397
v 633166 -80389674 25153085
v 633163 -80388968 25153888
v 633159 -80388337 25154667
v 633158 -80387858 25155286
v 633157 -80387530 25155722
v 633156 -80386547 25156777
v 633154 -80386042 25157350
v 632463 -80384605 25159093
v 632469 -80383694 25160150
v 633025 -80383341 25160559
v 632465 -80382652 25161359
v 632466 -80382424 25161624
v 632480 -80382008 25162281
v 633137 -80380898 25163542
v 633132 -80379890 25164734
v 633109 -80376561 25168564
v 633108 -80376208 25168862
v 633102 -80375527 25169756
v 633103 -80375280 25170116
v 633097 -80375150 25170306
v 633538 -80374455 25173345
v 633537 -80374494 25173667
v 633088 -80374519 25173802
v 633086 -80375124 25174365
v 633083 -80385880 25182352
v 633084 -80388757 25184488
v 633081 -80392030 25186919
v 633076 -80433647 25235485
v 594050 -80433856 25236211
v 594048 -80436926 25250396
v 594049 -80445397 25289157
v 594047 -80445496 25289613
v 593988 -80445605 25290062
v 593989 -80445678 25290443
v 593990 -80454138 25331233
v 593991 -80463636 25374882
v 593992 -80464179 25378392
v 593994 -80467279 25392891
v 598122 -80468079 25396491
v 598121 -80468879 25400191
v 598120 -80469679 25403891
v 598119 -80470479 25407491
v 598118 -80471279 25411191
v 598117 -80472279 25415190
v 598116 -80473070 25418797
v 598061 -80474679 25426090
v 598062 -80474379 25433890
v 598108 -80475079 25436390
v 598107 -80475779 25437390
v 598106 -80476779 25439190
v 620726 -80477079 25440490
v 620725 -80477179 25442989
v 620729 -80477179 25443291
v 620728 -80477179 25444189
v 620697 -80477279 25447489
v 620698 -80477279 25447789
v 620723 -80477278 25448849
v 620709 -80477279 25449189
v 620707 -80477279 25449889
v 620708 -80477278 25450196
v 620665 -80477279 25450689
v 620667 -80477262 25451084
v 620668 -80477278 25453390
v 620669 -80477279 25454689
v 620585 -80477278 25455123
v 620593 -80477291 25455634
v 620579 -80477379 25458989
v 620580 -80477379 25460389
v 620584 -80477479 25461489
v 620583 -80477485 25462394
v 620612 -80477484 25464193
v 620521 -80477479 25465189
v 620524 -80477479 25466089
v 620525 -80477479 25466689
v 620594 -80477479 25467789
v 620519 -80477479 25468289
v 620499 -80477485 25468798
v 620269 -80477498 25469782
v 620264 -80477549 25470687
v 620260 -80477566 25471608
v 620216 -80477579 25472588
v 620212 -80477579 25473488
v 620209 -80477579 25474388
v 620210 -80477591 25475298
v 620204 -80477583 25476181
v 620205 -80477579 25477188
v 620206 -80477600 25478200
v 620187 -80477679 25478588
v 620188 -80477688 25479085
v 620185 -80477678 25479873
v 620184 -80477689 25480846
v 620182 -80477705 25481804
v 620181 -80477779 25482688
v 620114 -80477779 25483588
v 620116 -80477779 25484488
v 620121 -80477779 25485388
v 620119 -80477779 25486288
v 620118 -80477782 25487217
v 620111 -80477779 25488188
v 620087 -80477771 25489076
v 620077 -80477827 25489985
v 620076 -80477865 25490852
v 620075 -80477906 25491782
v 617720 -80477979 25492788
v 596906 -80477678 25493988
v 596907 -80477678 25494688
v 596785 -80477778 25495688
v 596784 -80477678 25499187
v 596788 -80477778 25500287
v 596795 -80477778 25501287
v 596793 -80477778 25501807
v 596792 -80477778 25502187
v 596791 -80477778 25502987
v 596797 -80477778 25503587
v 596796 -80477778 25503887
v 596800 -80477778 25504387
v 596754 -80477878 25506387
v 596753 -80477678 25506687
v 596755 -80477878 25509187
v 596756 -80477878 25512052
v 596672 -80477878 25513787
v 596673 -80477878 25516587
v 596674 -80477878 25517387
v 596676 -80477978 25518687
v 596650 -80477978 25521087
v 596651 -80478078 25528386
v 596658 -80478078 25531299
v 595322 -80478078 25533536
v 595321 -80478078 25535686
v 596407 -80478078 25536198
v 596406 -80478078 25536986
v 596405 -80478078 25550486
v 617388 -80478178 25552185
v 617387 -80478178 25554085
v 596410 -80478178 25557785
v 596366 -80478178 25559885
v 596365 -80478178 25561685
v 596351 -80478236 25563597
v 596350 -80478278 25564985
v 596359 -80478278 25568685
v 596256 -80478278 25572685
v 596238 -80478263 25575905
v 596237 -80478278 25578385
v 596242 -80478378 25579684
v 596160 -80478378 25584184
v 596159 -80478378 25584384
v 596164 -80478378 25585484
v 596163 -80478378 25586884
v 596184 -80478378 25589484
v 596172 -80478378 25589884
v 596167 -80478478 25590384
v 596166 -80478478 25592484
v 596165 -80478478 25594284
v 595695 -80478478 25596084
v 595694 -80478578 25598084
v 595697 -80478678 25598929
v 595688 -80478678 25599384
v 595684 -80478678 25600884
v 595683 -80478778 25601984
v 602075 -80478781 25602913
v 595670 -80478782 25603993
v 595663 -80478855 25605319
v 595662 -80478878 25605784
v 595665 -80478878 25607283
v 595664 -80478877 25608753
v 595666 -80478930 25610288
v 595669 -80479319 25616974
v 595668 -80479310 25617572
v 595647 -80479336 25619867
v 595646 -80479378 25621683
v 602047 -80479378 25622078
v 595628 -80479384 25624186
v 595627 -80479412 25624826
v 595620 -80479578 25627983
v 595619 -80479578 25628283
v 595600 -80479678 25631383
v 595599 -80479678 25631883
v 595603 -80479678 25634782
v 595602 -80479778 25635282
v 595601 -80479778 25638282
v 601288 -80479878 25640382
v 601289 -80479978 25641582
v 601285 -80480178 25648582
v 601286 -80480278 25650282
v 601290 -80480278 25651982
v 601291 -80480811 25654625
v 595491 -80481078 25661481
v 595487 -80481078 25661881
v 595486 -80481378 25669081
v 595489 -80481478 25671181
v 601193 -80481778 25679081
v 601192 -80479878 25683281
v 595435 -80478778 25686181
v 595439 -80478578 25688480
v 595454 -80478878 25697946
v 595455 -80479378 25707580
v 598141 -80479478 25708680
v 598144 -80479478 25708880
v 595410 -80479599 25712283
v 595409 -80479602 25712371
v 595373 -80480143 25728032
v 595372 -80480263 25730317
v 595371 -80480892 25751496
v 595369 -80481155 25757939
v 595349 -80481278 25760978
v 595352 -80481278 25761278
v 595356 -80481578 25766578
v 594177 -80482678 25797376
v 594178 -80472377 25905172
v 595390 -80469577 25908272
v 595391 -80467256 25910826
v 595392 -80454676 25924672
v 625576 -80453076 25926471
v 580113 -80439576 25941271
v 580098 -80439376 25941371
v 580097 -80438876 25941971
v 580096 -80437376 25943671
v 580094 -80437176 25943871
v 580093 -80432376 25949571
v 580092 -80431976 25949971
v 580091 -80431376 25951570
v 580090 -80431276 25955470
v 103873 -80430476 25956970
v 103849 -80430476 25957170
v 82111 -80431675 25993069
v 78473 -80432275 26007768
v 78474 -80432540 26011640
v 78456 -80432775 26015068
v 78457 -80432915 26021407
v 78454 -80433075 26028668
v 78455 -80433087 26028938
v 115974 -80433375 26035267
v 102176 -80433399 26036152
v 102826 -80433575 26042567
v 83883 -80433606 26043599
v 78408 -80433771 26051196
v 78377 -80433950 26059464
v 78376 -80433975 26061466
v 78375 -80433975 26061566
v 78374 -80433975 26061766
v 78369 -80434175 26072366
v 78367 -80434375 26087565
v 78235 -80434475 26102265
v 78229 -80437475 26125764
v 78227 -80441675 26145063
v 78222 -80441875 26145763
v 78224 -80441975 26146363
v 78223 -80442575 26149163
v 78212 -80442690 26149688
v 78211 -80448575 26176562
v 78209 -80451075 26187862
v 78207 -80454275 26202561
v 72798 -80454275 26202861
v 72797 -80460175 26229460
v 72796 -80460275 26229860
v 72791 -80460306 26230078
v 72631 -80472376 26250359
v 72625 -80512862 26302978
v 72620 -80513803 26304078
v 72621 -80514159 26304744
v 72608 -80536800 26334404
v 72609 -80536973 26334593
v 740073 -80537283 26334931
v 740074 -80537639 26335413
v 739925 -80538071 26335872
v 739926 -80538352 26336170
v 739927 -80565077 26370620
v 739734 -80565791 26371400
v 739733 -80576283 26385095
v 739621 -80576700 26385617
v 739622 -80583923 26394817
v 739623 -80598495 26413690
v 739624 -80599030 26414309
v 739625 -80604458 26421302
v 739626 -80606834 26424387
v 739627 -80632525 26457717
v 739574 -80642660 26471298
v 739575 -80648875 26479579
v 739593 -80653129 26484901
v 739594 -80665692 26500351
v 748656 -80668641 26504087
v 748253 -80670508 26506330
v 748254 -80671655 26507934
v 748236 -80673490 26510343
v 748234 -80679964 26518210
v 748216 -80680211 26518564
v 748217 -80680525 26519012
v 748205 -80694190 26536809
v 748198 -80706253 26551693
v 748174 -80706304 26551968
v 748175 -80710412 26565452
v 748102 -80710415 26565918
v 748100 -80710465 26572975
v 748096 -80710619 26580428
v 748085 -80710619 26580589
v 748086 -80710619 26580910
v 748032 -80710777 26588051
v 748033 -80710928 26594876
v 748034 -80710954 26595128
v 748037 -80710966 26595698
v 748038 -80711530 26609256
v 748005 -80711556 26609714
v 745253 -80711569 26609943
v 745254 -80711621 26617145
v 745255 -80712008 26631508
v 745211 -80712162 26638823
v 745212 -80712260 26644271
v 745206 -80712291 26645979
v 745203 -80712472 26653065
v 745146 -80712480 26653203
v 745147 -80712497 26653478
v 745145 -80712549 26656139
v 744899 -80712983 26657882
v 744900 -80714041 26660467
v 745121 -80714567 26661550
v 745058 -80714745 26661848
v 745059 -80714975 26662284
v 745022 -80715843 26664072
v 745023 -80716414 26664990
v 744997 -80717069 26666044
v 744998 -80717784 26667489
v 744999 -80718039 26667718
v 744951 -80718150 26667967
v 744952 -80718404 26668537
v 744953 -80718959 26669576
v 744954 -80719980 26671410
v 744955 -80721950 26674729
v 744887 -80723802 26676077
v 744888 -80724155 26676207
v 744889 -80724765 26676302
v 745383 -80725269 26676381
v 744909 -80725598 26676432
v 744910 -80726083 26676523
v 744772 -80726328 26676564
v 744773 -80743371 26680218
v 743502 -80744286 26680646
v 743503 -80744959 26680737
v 743545 -80747752 26681114
v 743543 -80748294 26681240
v 743412 -80750268 26681864
v 743413 -80751191 26682180
v 743414 -80751509 26682342
v 743415 -80772836 26693929
v 743408 -80773517 26694270
v 743409 -80788690 26698359
v 743406 -80797402 26698003
v 743405 -80801049 26696870
v 745868 -80803648 26696256
v 743931 -80803660 26696253
v 743383 -80803682 26696248
v 743382 -80803825 26696214
v 743389 -80803960 26696183
v 743388 -80804930 26696114
v 743391 -80805193 26696099
v 743390 -80806487 26696023
v 743371 -80806785 26696023
v 743372 -80807177 26696023
v 743317 -80810777 26696069
v 743318 -80820990 26697651
v 743309 -80845330 26721521
v 743310 -80850193 26725921
v 743319 -80850876 26726427
v 743320 -80851373 26726711
v 743174 -80852232 26727202
v 743175 -80852789 26727459
v 743176 -80855908 26729170
v 743177 -80857336 26729854
v 743178 -80859277 26730874
v 743179 -80869393 26736145
v 743180 -80874876 26738720
v 743181 -80877703 26740093
v 299041 -80886055 26743843
v 298385 -80901523 26750644
v 298386 -80908628 26753605
v 298290 -80910412 26754233
v 298291 -80913656 26754394
v 298528 -80916593 26754395
v 298268 -80918063 26754374
v 298267 -80918255 26754372
v 298406 -80918527 26754360
v 298409 -80918699 26754352
v 298405 -80918874 26754345
v 298271 -80919009 26754340
v 298270 -80919302 26754327
v 298266 -80919737 26754373
v 298262 -80920682 26754396
v 298258 -80922061 26755061
v 298228 -80921627 26755955
v 298222 -80921294 26756597
v 298223 -80921211 26756757
v 298212 -80921141 26756895
v 298197 -80920758 26757652
v 298179 -80920221 26758478
v 298180 -80919774 26759603
v 298516 -80921303 26760222
v 304002 -80922103 26760546
v 300693 -80922947 26761813
v 300694 -80922651 26762663
v 298522 -80925245 26764092
v 298388 -80925397 26764180
v 298389 -80925738 26764377
v 283546 -80943060 26776458
v 283547 -80985106 26811998
v 283548 -81000318 26813216
v 283549 -81008388 26815137
v 283550 -81065243 26827659
v 285434 -81077729 26836963
v 285984 -81077483 26834887
v 285983 -81077327 26833566
v 285134 -81079135 26833585
v 285132 -81083143 26833601
v 285133 -81084708 26833607
v 285136 -81086220 26833585
v 285156 -81086363 26833492
v 285157 -81086676 26832850
v 285151 -81087213 26832964
v 285149 -81087916 26833244
v 285150 -81088282 26833355
v 285164 -81088643 26833414
v 285165 -81088977 26833468
v 285690 -81089667 26833560
v 285692 -81089843 26833557
v 285672 -81091176 26833537
v 285125 -81092633 26833559
v 285124 -81093962 26833582
v 285679 -81095394 26833628
v 285676 -81096825 26833627
v 285131 -81098129 26833650
v 285129 -81099458 26833650
v 284472 -81100353 26833695
v 284473 -81100911 26833695
v 285119 -81101325 26833695
v 285117 -81102245 26833740
v 285118 -81103702 26833786
v 285115 -81106258 26833877
v 285112 -81106573 26833901
v 285110 -81106680 26833909
v 285111 -81106872 26833923
v 285490 -81106985 26833919
v 285491 -81107536 26833899
v 285492 -81107785 26833905
v 285493 -81109581 26833945
v 285494 -81111524 26833944
v 285495 -81112811 26833972
v 285497 -81112903 26833974
v 285506 -81113539 26833987
v 285512 -81114606 26833989
v 285500 -81116774 26833988
v 285501 -81118405 26833987
v 285503 -81118674 26833987
v 284320 -81122465 26833986
v 284321 -81123079 26833985
v 284322 -81130945 26833981
v 284323 -81133226 26833984
v 285708 -81138338 26833990
v 284974 -81138594 26833967
v 284949 -81139026 26833965
v 284948 -81143211 26833949
v 284876 -81147158 26833934
v 284875 -81149381 26833925
v 284877 -81151196 26833925
v 284881 -81155307 26833917
v 284952 -81158633 26833910
v 284950 -81163361 26833901
v 284871 -81172424 26833884
v 284870 -81172771 26833883
v 284867 -81189772 26834296
v 284868 -81190459 26834572
v 284167 -81202479 26849180
v 284168 -81208106 26856304
v 284201 -81211076 26860065
v 284200 -81213818 26863608
v 284199 -81220436 26872037
v 284198 -81230309 26884684
v 284196 -81238170 26896182
v 284197 -81238182 26896364
v 284222 -81249993 26901856
v 284162 -81254179 26903095
v 284166 -81276251 26911679
v 284165 -81307996 26924044
v 284157 -81311680 26925489
v 284158 -81312101 26925818
v 284246 -81312695 26926283
v 284143 -81313701 26927071
v 284144 -81315149 26932575
v 284239 -81315226 26933050
v 284140 -81315302 26933514
v 284141 -81316081 26937437
v 284116 -81316081 26940052
v 284118 -81316209 26945578
v 284035 -81316279 26948845
v 284036 -81316337 26951517
v 284040 -81316358 26952659
v 284039 -81316400 26954934
v 284038 -81316461 26958182
v 284242 -81316451 26958778
v 284241 -81316369 26961285
v 284240 -81316259 26965004
v 284045 -81317823 26973395
v 284042 -81319589 26977592
v 284032 -81323415 26986510
v 284033 -81325654 26991799
v 283222 -81338770 27022137
v 283218 -81339975 27024637
v 283217 -81340819 27026304
v 283189 -81341358 27027182
v 283190 -81342543 27030483
v 283192 -81342613 27031269
v 283193 -81342665 27032319
v 283202 -81342436 27036057
v 283204 -81341945 27039594
v 327277 -81341751 27040756
v 328558 -81341339 27043253
v 328556 -81340683 27046792
v 327252 -81339649 27052683
v 327253 -81339234 27055042
v 327268 -81338859 27057036
v 327279 -81338708 27057838
v 327244 -81337269 27066604
v 327245 -81336667 27069800
v 327772 -81336275 27071877
v 327264 -81335130 27081243
v 327238 -81333969 27091279
v 326797 -81333592 27095231
v 326798 -81332774 27103350
v 327261 -81332406 27106920
v 326803 -81332250 27108420
v 327030 -81331642 27114258
v 327232 -81331293 27117546
v 327266 -81330997 27120329
v 326215 -81330821 27121959
v 326789 -81330183 27127849
v 326788 -81329415 27135050
v 326786 -81329006 27138467
v 326773 -81328852 27142320
v 326766 -81328751 27153258
v 326768 -81328676 27164182
v 326754 -81328626 27171603
v 326751 -81328653 27178895
v 326739 -81328705 27185821
v 326730 -81328732 27197126
v 320394 -81328734 27208432
v 320396 -81328687 27214075
v 321602 -81328750 27229049
v 326667 -81328994 27230859
v 326652 -81330303 27234161
v 326653 -81332928 27238497
v 325478 -81340926 27253243
v 325479 -81341487 27254376
v 325346 -81343059 27257406
v 325320 -81344265 27259814
v 325289 -81347167 27265317
v 325279 -81347629 27266693
v 325272 -81348476 27267862
v 325270 -81348836 27268802
v 325443 -81349621 27270345
v 325248 -81351686 27274006
v 325238 -81352379 27275107
v 325239 -81352463 27275288
v 325475 -81355256 27280523
v 325186 -81357053 27283659
v 325179 -81358055 27286067
v 325175 -81358107 27286434
v 325176 -81358380 27288510
v 325148 -81358390 27288612
v 325149 -81358403 27288733
v 325974 -81358417 27288870
v 325589 -81358544 27290749
v 325590 -81358545 27292077
v 325116 -81358545 27292510
v 325105 -81358546 27293290
v 325106 -81358553 27293801
v 325097 -81358559 27294299
v 325866 -81358561 27294432
v 325867 -81358568 27294921
v 327900 -81358571 27295158
v 325087 -81358572 27295262
v 325088 -81358570 27295389
v 327850 -81358551 27296764
v 325066 -81358547 27297050
v 325057 -81358547 27297234
v 325058 -81358553 27297814
v 327894 -81358570 27299412
v 325003 -81358574 27299825
v 325004 -81358574 27300507
v 325861 -81358575 27301439
v 324964 -81358576 27302967
v 324965 -81358576 27304541
v 328012 -81358576 27306658
v 325858 -81358576 27306905
v 324922 -81358577 27307049
v 324923 -81358587 27307576
v 324884 -81358656 27310855
v 324885 -81358841 27311654
v 329062 -81358964 27312185
v 324850 -81359787 27313653
v 324828 -81360676 27314953
v 324829 -81363406 27317943
v 324793 -81365375 27319086
v 324753 -81367389 27320736
v 324754 -81370681 27322719
v 325921 -81373696 27324719
v 325935 -81375006 27325693
v 323228 -81377164 27327407
v 323174 -81381810 27330665
v 317634 -81384632 27334083
v 317635 -81386401 27342775
v 323063 -81386554 27343778
v 323024 -81387683 27351368
v 323010 -81388425 27354676
v 322999 -81396690 27366374
v 322992 -81398538 27369172
v 322994 -81401355 27373079
v 322976 -81402774 27374999
v 321509 -81408781 27383734
v 321510 -81410627 27386321
v 321487 -81411349 27387334
v 321488 -81412075 27388344
v 321469 -81413866 27390981
v 321470 -81415066 27393084
v 321539 -81415717 27394455
v 321457 -81416716 27398434
v 321459 -81416712 27398931
v 328403 -81416689 27401711
v 321813 -81416677 27402088
v 321814 -81416649 27403032
v 328400 -81416619 27404057
v 325642 -81416543 27406655
v 321424 -81416431 27412811
v 321425 -81416823 27417025
v 321326 -81417970 27427326
v 321303 -81418150 27429000
v 321294 -81418124 27430606
v 321296 -81418662 27435487
v 321957 -81419292 27441323
v 321964 -81419344 27442036
v 321959 -81419399 27442771
v 321185 -81419612 27445626
v 321169 -81419869 27447942
v 321170 -81419979 27448775
v 321849 -81420360 27450409
v 321140 -81421333 27452895
v 321109 -81424751 27456381
v 321110 -81429373 27459983
v 321854 -81429676 27460241
v 321713 -81429764 27460316
v 321714 -81429871 27460407
v 327778 -81430151 27460645
v 327780 -81430669 27461086
v 320211 -81431432 27461735
v 320212 -81431530 27461819
v 322030 -81432348 27462515
v 325227 -81432832 27462924
v 320845 -81433465 27463467
v 322033 -81433597 27463686
v 321036 -81433851 27464109
v 321024 -81435701 27465462
v 321025 -81436350 27466040
v 321608 -81436902 27466532
v 320997 -81437424 27466998
v 320998 -81438928 27468176
v 320941 -81441717 27470621
v 320928 -81442308 27470874
v 320912 -81443182 27471195
v 320913 -81445552 27472038
v 321767 -81446525 27472202
v 320869 -81447117 27472295
v 320879 -81450253 27472088
v 320880 -81456348 27470886
v 321706 -81459088 27470979
v 321628 -81462489 27471342
v 320875 -81465858 27472132
v 320876 -81468259 27473217
v 320837 -81473469 27476051
v 320838 -81478114 27481307
v 320791 -81478922 27482608
v 320772 -81479488 27483686
v 320774 -81479974 27484517
v 320719 -81480723 27485794
v 320681 -81483193 27489646
v 320639 -81485997 27493245
v 320640 -81486133 27493731
v 320610 -81487026 27495102
v 320611 -81487695 27496386
v 320518 -81489497 27499888
v 319539 -81490860 27502555
v 319414 -81492767 27508287
v 319415 -81494233 27512270
v 319345 -81494286 27512414
v 319301 -81495085 27514706
v 319302 -81495225 27515100
v 319656 -81496665 27519218
v 320003 -81497970 27522621
v 327771 -81498343 27523631
v 317645 -81500823 27530229
v 317646 -81502350 27534025
v 317728 -81503341 27536739
v 317636 -81504239 27539541
v 317637 -81504273 27539636
v 327722 -81505345 27542598
v 317727 -81505499 27543023
v 317627 -81505575 27543233
v 317628 -81506785 27546722
v 317625 -81508503 27551397
v 317626 -81510880 27557495
v 317724 -81511124 27557956
v 317725 -81512870 27562935
v 318399 -81513295 27564466
v 317618 -81513899 27566946
v 317619 -81514048 27567657
v 317723 -81514262 27569016
v 318410 -81514375 27569729
v 317611 -81514387 27569835
v 317612 -81514410 27571586
v 317606 -81514437 27573642
v 317607 -81514435 27575771
v 317597 -81514435 27577265
v 317598 -81514437 27577336
v 318418 -81514462 27578228
v 317585 -81514486 27579054
v 317586 -81514375 27581583
v 317562 -81514356 27582012
v 317563 -81514359 27582335
v 318415 -81514364 27582963
v 317546 -81514381 27584533
v 317547 -81514380 27585650
v 318550 -81514380 27585990
v 317530 -81514380 27586689
v 317531 -81514380 27587002
v 317523 -81514379 27587445
v 317515 -81514431 27588225
v 317505 -81514430 27589165
v 317496 -81514378 27590105
v 317487 -81514429 27591069
v 317459 -81514378 27591963
v 317453 -81514429 27592742
v 317438 -81514454 27593751
v 317416 -81514402 27594623
v 317400 -81514427 27595563
v 317365 -81514453 27596480
v 317333 -81514427 27597306
v 317302 -81514452 27598154
v 317266 -81514452 27599094
v 317220 -81514451 27600080
v 317194 -81514451 27600883
v 317195 -81514439 27601087
v 317175 -81514399 27601823
v 317153 -81514450 27602740
v 317110 -81514450 27603635
v 317099 -81514424 27604529
v 317089 -81514398 27605377
v 317076 -81514449 27606318
v 317035 -81514474 27608221
v 317014 -81514473 27609964
v 316977 -81514446 27611775
v 316949 -81514523 27613701
v 316950 -81514490 27615932
v 316879 -81514470 27617369
v 316880 -81514496 27620243
v 318588 -81514506 27621303
v 327990 -81514518 27622550
v 316781 -81514519 27622620
v 316782 -81514544 27622849
v 316711 -81514750 27624730
v 316712 -81515208 27628220
v 328018 -81515388 27628806
v 327566 -81515960 27630563
v 323725 -81517237 27632614
v 323709 -81518392 27633871
v 323722 -81521460 27637317
v 323723 -81522340 27638307
v 327584 -81525196 27641518
v 327572 -81526341 27642806
v 327570 -81526629 27642838
v 327480 -81530213 27646422
v 327481 -81530569 27646423
v 328056 -81532251 27646425
v 328058 -81532521 27646425
v 328059 -81533351 27646426
v 328060 -81533913 27646427
v 327467 -81541478 27646438
v 327464 -81543174 27646470
v 327462 -81544102 27646470
v 327460 -81544902 27646470
v 327367 -81547062 27646454
v 327365 -81550310 27646518
v 327354 -81551094 27646502
v 327355 -81554422 27646533
v 327327 -81554550 27646534
v 327325 -81555158 27646550
v 327321 -81555350 27646550
v 327307 -81559254 27646550
v 327303 -81562582 27646582
v 855351 -81584775 27671829
v 855341 -81588487 27671829
v 855344 -81600983 27671797
v 854649 -81605159 27671797
v 832372 -81625537 27680862
v 832371 -81628910 27682354
v 832360 -81654227 27690227
v 832362 -81657021 27690235
v 832356 -81662547 27690252
v 832358 -81662614 27690252
v 832420 -81669365 27690253
v 832354 -81670532 27690253
v 832355 -81671872 27690276
v 832364 -81683044 27690257
v 832363 -81688616 27690139
v 832359 -81695338 27690231
v 832368 -81718264 27686411
v 832367 -81732120 27686326
v 832369 -81746596 27686389
v 832365 -81748631 27686641
v 832366 -81748633 27687343
v 832428 -81760571 27707877
v 854441 -81785228 27710837
v 854440 -81788508 27720885
v 854439 -81789516 27722981
v 854438 -81789836 27723077
v 854437 -81789934 27723113
v 854371 -81790012 27723141
v 854368 -81793228 27725173
v 860978 -81793244 27725141
v 860977 -81793908 27725045
v 860982 -81795548 27725387
v 861003 -81798080 27725940
v 854347 -81799130 27725970
v 842424 -81801692 27726036
v 842423 -81801672 27727531
v 854345 -81801663 27728188
v 847952 -81801660 27728372
v 847951 -81801653 27728588
v 854344 -81801640 27728965
v 854343 -81801628 27729364
v 854342 -81801644 27729844
v 854341 -81801623 27731401
v 854291 -81801548 27737076
v 854290 -81801532 27740692
v 854288 -81801532 27741892
v 854286 -81801548 27743012
v 854263 -81801548 27744276
v 854260 -81801548 27745428
v 854259 -81801532 27746660
v 854252 -81801548 27747252
v 854249 -81801564 27747860
v 854248 -81801564 27749204
v 854247 -81801580 27750388
v 853969 -81801564 27750548
v 853968 -81801548 27751252
v 853967 -81801564 27751924
v 853963 -81801580 27752276
v 853952 -81801564 27753236
v 853951 -81801564 27754004
v 853950 -81801548 27754212
v 853945 -81801564 27755220
v 853920 -81801548 27756436
v 853918 -81801564 27757668
v 853916 -81801548 27758915
v 853906 -81801564 27760195
v 853905 -81801548 27761379
v 853904 -81801580 27762675
v 861612 -81801572 27764928
v 853898 -81801567 27766377
v 853897 -81801564 27767475
v 853891 -81801596 27768883
v 853890 -81801612 27769971
v 853889 -81801580 27770131
v 853888 -81801596 27770451
v 853833 -81801612 27773267
v 853832 -81801612 27776995
v 853830 -81804060 27781075
v 832381 -81804204 27781267
v 832380 -81809639 27785812
v 853822 -81812044 27787747
v 853819 -81814726 27792193
v 853818 -81815612 27794898
v 853684 -81817366 27800726
v 853683 -81819772 27808722
v 832449 -81819920 27809333
v 853681 -81820524 27813074
v 853677 -81820652 27814290
v 853673 -81821116 27818002
v 853667 -81821324 27820626
v 853604 -81821692 27824161
v 845366 -81824380 27846081
v 845364 -81828156 27858752
v 845341 -81828460 27861840
v 845340 -81831340 27862272
v 845337 -81831291 27866972
v 845334 -81831388 27868912
v 845333 -81831468 27869568
v 834056 -81831473 27869933
v 834055 -81831482 27870568
v 845330 -81831484 27870736
v 845329 -81831516 27871344
v 845328 -81831500 27871888
v 845327 -81831516 27872688
v 845326 -81831548 27873024
v 845322 -81831644 27875152
v 845318 -81831692 27876432
v 845304 -81832924 27876656
v 845301 -81834060 27876960
v 845300 -81834524 27877200
v 845298 -81835228 27877872
v 845297 -81835356 27878128
v 844996 -81835394 27878150
v 844995 -81836060 27878352
v 845274 -81836085 27878342
v 844931 -81838892 27878576
v 844930 -81840268 27878832
v 844666 -81842092 27878816
v 844665 -81843164 27882176
v 844634 -81843228 27884927
v 844633 -81843180 27886015
v 844632 -81843116 27887887
v 844631 -81843132 27888287
v 844626 -81843132 27888735
v 844623 -81843148 27889631
v 844521 -81843180 27890799
v 844507 -81843100 27891983
v 844508 -81843100 27892799
v 844516 -81843148 27894079
v 844511 -81843148 27894815
v 844482 -81843148 27895599
v 844500 -81843148 27896319
v 844504 -81843179 27897103
v 844468 -81843180 27897855
v 844466 -81843244 27899087
v 844465 -81843260 27900191
v 844458 -81843276 27900367
v 844456 -81843244 27901903
v 844292 -81843260 27903711
v 844291 -81843275 27906255
v 844288 -81843323 27908383
v 844289 -81843259 27908671
v 844270 -81843307 27910175
v 844268 -81843307 27911327
v 844266 -81843291 27911839
v 844227 -81843499 27912655
v 844202 -81848299 27919982
v 844201 -81855563 27930926
v 860825 -81855810 27931304
v 860824 -81860555 27938571
v 860844 -81862896 27942156
v 844140 -81863932 27943743
v 844136 -81869355 27952045
v 844133 -81869803 27952701
v 844131 -81870303 27953501
v 844130 -81870811 27954317
v 844128 -81870903 27954501
v 843858 -81871103 27954801
v 843840 -81874503 27960201
v 843817 -81875303 27961201
v 843816 -81875803 27962001
v 843811 -81876403 27962801
v 843809 -81876903 27963601
v 843796 -81877503 27964401
v 843778 -81878003 27965201
v 843776 -81878503 27965901
v 843774 -81879003 27966701
v 843773 -81879503 27967501
v 843752 -81880176 27968488
v 843659 -81881003 27969701
v 843648 -81884303 27974701
v 843644 -81888203 27980401
v 843642 -81889203 27982000
v 843559 -81891003 27984700
v 843521 -81896811 27993452
v 843519 -81897603 27994600
v 843518 -81899003 27996700
v 843517 -81899103 27996800
v 843504 -81899603 27997700
v 839050 -81900603 27998800
v 839049 -81901693 28000435
v 843493 -81903803 28003600
v 843491 -81905403 28005900
v 843201 -81905603 28006200
v 843195 -81907803 28008200
v 843194 -81909303 28009700
v 843181 -81910570 28010800
v 843178 -81911355 28011483
v 843177 -81911703 28011799
v 843164 -81912459 28012507
v 843163 -81913403 28013399
v 858324 -81914308 28014211
v 843154 -81915714 28015471
v 838215 -81919204 28018599
v 838139 -81920504 28019799
v 838210 -81921104 28020399
v 838209 -81921804 28020999
v 838190 -81922404 28021599
v 838132 -81924804 28023799
v 838126 -81927004 28025995
v 838124 -81927904 28026699
v 838117 -81928404 28027199
v 838111 -81929104 28027599
v 838107 -81930004 28028599
v 837861 -81932204 28030599
v 837829 -81940904 28038498
v 837809 -81941504 28039098
v 837807 -81942604 28040098
v 837792 -81943204 28040698
v 837790 -81944704 28041998
v 837315 -81945004 28042298
v 837788 -81945004 28042698
v 837787 -81945004 28043098
v 837734 -81945004 28044298
v 837733 -81945004 28045398
v 837731 -81945004 28046698
v 837730 -81945104 28047398
v 837232 -81945004 28047898
v 837728 -81945004 28048558
v 837727 -81945004 28048898
v 837725 -81945104 28049598
v 837726 -81945104 28050598
v 837714 -81945104 28051498
v 837197 -81945104 28055197
v 837196 -81947204 28055297
v 837195 -81947204 28056097
v 837192 -81948304 28056097
v 835754 -81948404 28056997
v 835750 -81948604 28058797
v 835743 -81948704 28059797
v 835742 -81949604 28061097
v 835739 -81950704 28061097
v 835706 -81951704 28061197
v 835705 -81952504 28061797
v 835704 -81953404 28062497
v 835702 -81953504 28062497
v 835694 -81953604 28063597
v 835693 -81953504 28064397
v 835691 -81954704 28064397
v 835682 -81955604 28065397
v 835680 -81955604 28066197
v 835677 -81956404 28066197
v 835676 -81957084 28066201
v 835674 -81957116 28067977
v 835673 -81957772 28068921
v 835491 -81957904 28069797
v 835653 -81957904 28070397
v 835654 -81957904 28071026
v 835490 -81957904 28071097
v 835487 -81958204 28071597
v 835486 -81958604 28072697
v 835473 -81959004 28073397
v 835484 -81960348 28075577
v 835483 -81960604 28076057
v 835481 -81960812 28076280
v 835470 -81961100 28076616
v 835465 -81961504 28076896
v 835453 -81965604 28080696
v 835311 -81967900 28082856
v 835309 -81968204 28083096
v 835306 -81969304 28084096
v 835305 -81969604 28084296
v 835304 -81969804 28084596
v 835303 -81970504 28085196
v 834623 -81970904 28085696
v 834617 -81971304 28086296
v 834618 -81971496 28086584
v 858267 -81971866 28087140
v 834613 -81972504 28088096
v 834614 -81972742 28088620
v 834610 -81973004 28089196
v 834607 -81973404 28090196
v 834604 -81973704 28091196
v 834601 -81973904 28091796
v 834602 -81973855 28094428
v 860586 -81973835 28095756
v 834571 -81973803 28097196
v 834597 -81973803 28098195
v 834565 -81973803 28098715
v 834566 -81973803 28099102
v 834596 -81973803 28100095
v 834589 -81973903 28102595
v 834587 -81973803 28103595
v 834582 -81973903 28104095
v 834584 -81973803 28105995
v 834583 -81973803 28106695
v 834479 -81973803 28107595
v 834480 -81973803 28109065
v 857625 -81973803 28110284
v 834474 -81973803 28110495
v 834467 -81973703 28112595
v 834465 -81973803 28113395
v 834471 -81973803 28114495
v 834459 -81973703 28114595
v 834460 -81973703 28114827
v 834457 -81973703 28115595
v 834450 -81973703 28116395
v 834405 -81973703 28120794
v 834399 -81973603 28123094
v 834396 -81973603 28124594
v 834397 -81973651 28126323
v 859291 -81973698 28128030
v 834394 -81973703 28128194
v 834395 -81973703 28129896
v 834359 -81973703 28129994
v 834360 -81973741 28132135
v 834357 -81973803 28135594
v 834358 -81973797 28135945
v 834351 -81973771 28137622
v 834352 -81973785 28139238
v 834349 -81973803 28141393
v 834344 -81973835 28141573
v 834347 -81973815 28142211
v 834346 -81973803 28142593
v 834321 -81973803 28142993
v 834319 -81973903 28148393
v 834318 -81973903 28150293
v 834312 -81973883 28152389
v 834313 -81973870 28152632
v 834309 -81973803 28153893
v 834308 -81973867 28154837
v 834298 -81973903 28155593
v 834305 -81973947 28156469
v 834303 -81974003 28157493
v 834301 -81973903 28158693
v 834081 -81973903 28159593
v 834078 -81973903 28161392
v 834077 -81974003 28162892
v 834014 -81974703 28164892
v 834000 -81994909 28183165
v 834001 -81999397 28188982
v 833990 -82001162 28192411
v 833988 -82001203 28192491
v 833989 -82002898 28195669
v 833977 -82003603 28196991
v 833963 -82007103 28203290
v 833961 -82019603 28214790
v 833842 -82020503 28215689
v 833841 -82023003 28217989
v 833824 -82023085 28217988
v 833825 -82050474 28242266
v 833821 -82056703 28247787
v 833822 -82062703 28251187
v 833801 -82073251 28257040
v 833817 -82073307 28257071
v 767542 -82075963 28259198
v 767553 -82076203 28259390
v 767552 -82087388 28265662
v 767551 -82089804 28266990
v 767181 -82116444 28281917
v 767182 -82133803 28291528
v 767183 -82138976 28294336
v 767368 -82146858 28298739
v 767369 -82147392 28299037
v 767337 -82147960 28302797
v 767322 -82149616 28310088
v 766383 -82150341 28311441
v 766385 -82157514 28317471
v 766386 -82158861 28319672
v 766381 -82159257 28320813
v 767312 -82159836 28321816
v 766431 -82160971 28324164
v 766430 -82161264 28324655
v 767291 -82163223 28328003
v 767292 -82163367 28328247
v 767264 -82165335 28331892
v 767178 -82168469 28337623
v 767179 -82171276 28342657
v 767123 -82171344 28342759
v 767122 -82173444 28346656
v 767121 -82178134 28353992
v 767010 -82180544 28357384
v 767011 -82181036 28358324
v 767099 -82182460 28360099
v 767006 -82183239 28361350
v 766794 -82183498 28361786
v 766796 -82183627 28361969
v 766797 -82184094 28362841
v 766798 -82184483 28363666
v 766799 -82184845 28364400
v 766800 -82185022 28364869
v 766801 -82186401 28368572
v 768283 -82186472 28368899
v 766762 -82186562 28369315
v 766764 -82187470 28371591
v 766692 -82187986 28372256
v 764380 -82188518 28372848
v 764381 -82189176 28373369
v 765211 -82189987 28373891
v 765188 -82190100 28374053
v 765200 -82191374 28376012
v 765199 -82191478 28376218
v 773331 -82191568 28376399
v 773303 -82191795 28376858
v 773301 -82192375 28378058
v 765182 -82192516 28378715
v 765183 -82192748 28379793
v 765164 -82192800 28380435
v 765165 -82192852 28381306
v 765275 -82193086 28383484
v 765055 -82193132 28383835
v 765053 -82193564 28387132
v 765031 -82195082 28393915
v 765030 -82195160 28394396
v 765029 -82195732 28399806
v 765306 -82195245 28403725
v 765307 -82193746 28407001
v 764992 -82192777 28408999
v 764993 -82192323 28410083
v 764994 -82190734 28418589
v 764995 -82190755 28421699
v 764980 -82190807 28423464
v 764981 -82190841 28424248
v 764982 -82190874 28425028
v 764983 -82190963 28427063
v 765305 -82191067 28428530
v 765303 -82191145 28429286
v 771865 -82191158 28429576
v 771864 -82191240 28434202
v 771863 -82191223 28435316
v 765318 -82191176 28435796
v 764929 -82191630 28439585
v 764928 -82191871 28439763
v 765310 -82191301 28443454
v 765311 -82191249 28447947
v 765315 -82191726 28452697
v 772614 -82192375 28454105
v 764855 -82192754 28455328
v 764811 -82192344 28455493
v 764809 -82193014 28458836
v 764810 -82193076 28458920
v 764716 -82193351 28459294
v 764717 -82193408 28459557
v 764721 -82193766 28460303
v 764722 -82194130 28460967
v 764723 -82194649 28461999
v 764658 -82194882 28462664
v 764657 -82193014 28463352
v 764656 -82193447 28464046
v 764655 -82193869 28464722
v 764652 -82194882 28466584
v 764653 -82195194 28467340
v 765466 -82195218 28469487
v 765464 -82195246 28471971
v 765465 -82195652 28475840
v 765470 -82195704 28476365
v 314960 -82195818 28478458
v 314889 -82195999 28479490
v 314860 -82196363 28482538
v 314861 -82196461 28483701
v 314824 -82195352 28492992
v 314825 -82195412 28495671
v 314819 -82195431 28496499
v 311503 -82195407 28500316
v 311505 -82195427 28504135
v 314899 -82195513 28506913
v 315293 -82195530 28506633
v 311623 -82195790 28506859
v 311622 -82197695 28507818
v 311436 -82203813 28511299
v 311417 -82204747 28513729
v 311415 -82206227 28514623
v 311401 -82207940 28516777
v 311402 -82208953 28518763
v 311389 -82208910 28519169
v 311390 -82209679 28519398
v 311519 -82209859 28519453
v 311614 -82210826 28519757
v 311383 -82212275 28520375
v 311384 -82217690 28522707
v 311371 -82218479 28522987
v 311372 -82218479 28523200
v 311343 -82218765 28524935
v 311063 -82220978 28556316
v 310978 -82221946 28563584
v 305803 -82223683 28572628
v 305805 -82223793 28573212
v 310921 -82226134 28584580
v 310922 -82227158 28588477
v 310915 -82227228 28591457
v 310917 -82231986 28596083
v 310913 -82232296 28596178
v 310842 -82233413 28596567
v 305742 -82261595 28633010
v 305744 -82263124 28638513
v 305726 -82263047 28638994
v 305718 -82267489 28641746
v 305719 -82270223 28644115
v 305687 -82270215 28647226
v 305688 -82270319 28647246
v 305674 -82279725 28651033
v 305675 -82279734 28651301
v 305663 -82279931 28657085
v 305650 -82277878 28659193
v 305645 -82277955 28660042
v 305643 -82277955 28660729
v 305644 -82277900 28661665
v 305637 -82277851 28662494
v 305631 -82277149 28663892
v 305625 -82277252 28665428
v 164460 -82277258 28666932
v 164461 -82277262 28667782
v 164730 -82277265 28668579
v 164731 -82277269 28669323
v 164404 -82277276 28670861
v 164405 -82277334 28673340
v 165943 -82277047 28676000
v 164401 -82276832 28677899
v 164402 -82276858 28678069
v 164398 -82276259 28681818
v 164399 -82273299 28684812
v 164548 -82273181 28684977
v 164452 -82272889 28685385
v 160509 -82272728 28686653
v 160510 -82273059 28688923
v 164394 -82273513 28691817
v 156371 -82275081 28699968
v 160431 -82275189 28700081
v 164451 -82275915 28700844
v 164415 -82277339 28707429
v 164416 -82281765 28713608
v 164450 -82282499 28714777
v 164358 -82281135 28725143
v 164359 -82282396 28725134
v 164618 -82282957 28725130
v 164619 -82284148 28725121
v 164350 -82295594 28725810
v 164351 -82297429 28732303
v 164312 -82297075 28734199
v 164313 -82296762 28736040
v 164477 -82296352 28740393
v 164474 -82296324 28741662
v 164266 -82296294 28743024
v 164267 -82295981 28747622
v 164256 -82295981 28748785
v 164251 -82295903 28749993
v 164252 -82296369 28749981
v 164426 -82297255 28749959
v 160812 -82297161 28751200
v 147781 -82296951 28752246
v 163058 -82296578 28753267
v 162909 -82296393 28753775
v 162902 -82296320 28753945
v 162903 -82295808 28755148
v 162898 -82295346 28756238
v 162896 -82294815 28757488
v 162824 -82293983 28766120
v 162821 -82293993 28766540
v 162820 -82294176 28772998
v 161619 -82294830 28777431
v 161620 -82295008 28777918
v 161570 -82296911 28781144
v 161571 -82297210 28781614
v 162814 -82298074 28782970
v 161525 -82298745 28784024
v 161526 -82299281 28784892
v 162795 -82301375 28788291
v 162796 -82302828 28790684
v 161419 -82303649 28792009
v 161412 -82304533 28793362
v 161408 -82304924 28794118
v 161395 -82305938 28795631
v 161057 -82306447 28796547
v 161365 -82307135 28797786
v 161174 -82309122 28800906
v 161038 -82314189 28812387
v 161039 -82314538 28813886
v 161131 -82314605 28814267
v 161049 -82316219 28818370
v 161050 -82316991 28820227
v 161834 -82317524 28821350
v 160958 -82318354 28823413
v 155926 -82320120 28826986
v 161837 -82321173 28828683
v 162551 -82321686 28829418
v 162562 -82322496 28830083
v 162545 -82322652 28830212
v 162546 -82323854 28831075
v 162559 -82325352 28832118
v 162555 -82325531 28832243
v 160818 -82325903 28832696
v 160820 -82327726 28833750
v 160786 -82328767 28834162
v 160777 -82330147 28835400
v 160775 -82330746 28835697
v 160774 -82331500 28835788
v 160723 -82332750 28835810
v 160766 -82333973 28835878
v 160769 -82335302 28835878
v 160765 -82336630 28835879
v 160759 -82337905 28835902
v 160760 -82338947 28835936
v 161739 -82339745 28835936
v 160732 -82339889 28836061
v 162181 -82340772 28836822
v 162179 -82341732 28837650
v 162176 -82341834 28837746
v 162173 -82342754 28838544
v 160703 -82342878 28838651
v 160695 -82343155 28838864
v 160694 -82343893 28839430
v 160654 -82344545 28841310
v 160580 -82344443 28846926
v 160581 -82344443 28847461
v 160518 -82344418 28850617
v 160519 -82345413 28854033
v 161990 -82345729 28854654
v 161991 -82346035 28855271
v 161968 -82346103 28855447
v 161969 -82346322 28856016
v 161983 -82346638 28856665
v 152681 -82347270 28857937
v 152682 -82347470 28858339
v 160429 -82347545 28858478
v 160423 -82348714 28859493
v 160413 -82349498 28860219
v 160400 -82351139 28861341
v 160390 -82352389 28862143
v 160328 -82360075 28869476
v 160329 -82361906 28874102
v 156293 -82363175 28877341
v 156294 -82363219 28877522
v 156717 -82363311 28877901
v 151091 -82363437 28878378
v 151092 -82364374 28880740
v 156275 -82364427 28880871
v 156276 -82364678 28881535
v 156311 -82365203 28882950
v 156255 -82365444 28883551
v 156241 -82366800 28887562
v 156226 -82369589 28892375
v 156214 -82371101 28894827
v 155817 -82373578 28898585
v 156186 -82374377 28899891
v 155825 -82374817 28900603
v 155819 -82375424 28901363
v 155567 -82376036 28902129
v 155566 -82376203 28902337
v 155797 -82376891 28903106
v 155796 -82377827 28905775
v 155805 -82378864 28908361
v 155116 -82380445 28910633
v 155115 -82382528 28912424
v 155565 -82384258 28913846
v 155564 -82387459 28919171
v 155563 -82393503 28930398
v 155562 -82394265 28931562
v 155570 -82395861 28933980
v 155569 -82397336 28936213
v 155774 -82397560 28936552
v 155618 -82400265 28940649
v 154254 -82404143 28946071
v 154253 -82408809 28951435
v 154250 -82409463 28952184
v 154249 -82418569 28963220
v 154324 -82418588 28964087
v 154248 -82418605 28964848
v 154245 -82418622 28965564
v 154340 -82418645 28966636
v 154335 -82418764 28967605
v 154325 -82419088 28968402
v 154247 -82422973 28972818
v 154148 -82428223 28978678
v 154636 -82430679 28981469
v 154642 -82436740 28988357
v 154150 -82439222 28991311
v 148988 -82443061 28997364
v 148931 -82448922 29006061
v 148932 -82450291 29008043
v 149821 -82450371 29008159
v 148868 -82452026 29010554
v 148823 -82453799 29012891
v 149407 -82456391 29022373
v 149448 -82456374 29023805
v 148614 -82457062 29031319
v 148600 -82458575 29034436
v 148601 -82459282 29035050
v 149410 -82459942 29035623
v 149363 -82460120 29035777
v 148594 -82460766 29036338
v 148595 -82462750 29038099
v 148587 -82463218 29038504
v 148588 -82464177 29039269
v 150948 -82464177 29039916
v 148572 -82464382 29039915
v 151308 -82464373 29040809
v 149398 -82464196 29040816
v 149397 -82464212 29041747
v 148553 -82464294 29042585
v 149396 -82464358 29042788
v 149387 -82464420 29042984
v 149388 -82464396 29043423
v 149389 -82464378 29043763
v 149390 -82464377 29044009
v 152132 -82464967 29044522
v 151890 -82465464 29044955
v 148530 -82465673 29045138
v 148531 -82465055 29045829
v 149004 -82464904 29045996
v 531203 -82464706 29046219
v 531204 -82463922 29047095
v 531179 -82464265 29047499
v 531177 -82465022 29048026
v 531166 -82465804 29048507
v 531143 -82465283 29049447
v 531139 -82465362 29050318
v 531132 -82465440 29051098
v 531123 -82465440 29052060
v 531113 -82465519 29053046
v 531094 -82465545 29054100
v 531078 -82465754 29055430
v 531076 -82466459 29056415
v 531077 -82467093 29056655
v 550072 -82468431 29057069
v 531075 -82468572 29057102
v 531073 -82472694 29057170
v 531074 -82473511 29057158
v 531454 -82476815 29057169
v 531453 -82477248 29057162
v 531482 -82478793 29057139
v 531481 -82481122 29057104
v 531539 -82483887 29057007
v 531505 -82485214 29056955
v 531504 -82489571 29056784
v 530766 -82498205 29056445
v 530764 -82502067 29056315
v 530765 -82502341 29056347
v 530813 -82504184 29056566
v 530760 -82505745 29057096
v 530758 -82506162 29057188
v 530759 -82508425 29058385
v 530754 -82508718 29058540
v 530755 -82510329 29059316
v 530808 -82521235 29063075
v 530752 -82522228 29063083
v 530751 -82526819 29067828
v 490883 -82535505 29081474
v 490744 -82535842 29081765
v 490743 -82536782 29082132
v 490741 -82539495 29083553
v 490742 -82542896 29085145
v 490842 -82543955 29085627
v 490843 -82547294 29087148
v 490737 -82550610 29089307
v 490738 -82553344 29093440
v 490817 -82555721 29101435
v 490813 -82557656 29107899
v 490725 -82559038 29111470
v 490721 -82562745 29117590
v 489807 -82567821 29125250
v 489804 -82570495 29128998
v 489805 -82573379 29131526
v 489798 -82578640 29134268
v 489799 -82590486 29140287
v 489812 -82598860 29144475
v 489792 -82601721 29145906
v 489793 -82611089 29150676
v 489833 -82613783 29152047
v 489544 -82636483 29163424
v 489483 -82639337 29164791
v 489481 -82641060 29165387
v 489482 -82656427 29173260
v 489468 -82656594 29173343
v 489463 -82663958 29176805
v 489456 -82681193 29185400
v 489457 -82683671 29188372
v 489539 -82686608 29193263
v 489537 -82691243 29200814
v 489536 -82692751 29203163
v 489433 -82693966 29205179
v 489431 -82696343 29208936
v 489432 -82697344 29210588
v 489427 -82698983 29213451
v 489428 -82700032 29215068
v 489423 -82701518 29217392
v 489417 -82704445 29222273
v 489418 -82706924 29226382
v 489415 -82708261 29228415
v 489416 -82709552 29230721
v 489412 -82712470 29235472
v 489413 -82714220 29238352
v 489527 -82715610 29240687
v 489545 -82715674 29240787
v 489404 -82716522 29242117
v 489405 -82717130 29243219
v 489395 -82717482 29243789
v 489396 -82719320 29246581
v 489523 -82719977 29247498
v 489524 -82720853 29248870
v 489391 -82721595 29249826
v 487454 -82722228 29250971
v 487437 -82723238 29252502
v 487438 -82724664 29254860
v 487453 -82729804 29263363
v 490952 -82730867 29265255
v 490953 -82732647 29268205
v 489363 -82733835 29270100
v 487416 -82736132 29273856
v 487417 -82736879 29275140
v 487435 -82737391 29275907
v 487403 -82737806 29276652
v 487399 -82738565 29277935
v 487390 -82742332 29283961
v 486884 -82748927 29294866
v 487018 -82752581 29300637
v 486847 -82757898 29309448
v 486845 -82758081 29309723
v 486846 -82761552 29315465
v 486823 -82762393 29316600
v 486825 -82763463 29318594
v 487034 -82764301 29320035
v 487032 -82765269 29321636
v 487033 -82765471 29321970
v 486796 -82766522 29323706
v 486786 -82768116 29326342
v 486780 -82768769 29327373
v 486782 -82769316 29328282
v 486774 -82771017 29331109
v 486775 -82771263 29331530
v 487030 -82771379 29331728
v 487031 -82771484 29331907
v 486766 -82773056 29334547
v 486768 -82774863 29337501
v 487076 -82775357 29338271
v 487071 -82778221 29343164
v 486754 -82778389 29343531
v 486755 -82779376 29344926
v 487068 -82781906 29349165
v 486746 -82783148 29351164
v 486748 -82787575 29358432
v 486734 -82791098 29364205
v 486735 -82793393 29367908
v 483926 -82798967 29376958
v 483906 -82803938 29384980
v 483901 -82814489 29402346
v 483872 -82814955 29403083
v 483869 -82816735 29405970
v 483868 -82816944 29406314
v 483865 -82817677 29407529
v 483857 -82823043 29416237
v 483840 -82823566 29416947
v 483836 -82824143 29418070
v 483811 -82832993 29432346
v 483812 -82837949 29440700
v 484242 -82850063 29460502
v 483768 -82850833 29461810
v 483770 -82851617 29463029
v 483745 -82855418 29467652
v 483746 -82855837 29468202
v 483741 -82856256 29468500
v 483743 -82857556 29470273
v 484144 -82857870 29470669
v 484245 -82858074 29470927
v 483734 -82858275 29471179
v 483723 -82859061 29472462
v 483717 -82859455 29473677
v 483718 -82859480 29473732
v 483713 -82859579 29474199
v 483704 -82859613 29474731
v 483666 -82859692 29476220
v 483657 -82859614 29477000
v 483647 -82859640 29477916
v 483640 -82859693 29478764
v 483622 -82859694 29479566
v 483613 -82859694 29480437
v 483607 -82859668 29481262
v 483599 -82859695 29482041
v 483583 -82859669 29482935
v 483578 -82859696 29483783
v 483566 -82859696 29484883
v 483567 -82859682 29486258
v 483553 -82859671 29487358
v 483552 -82859960 29487655
v 483527 -82861637 29489396
v 483528 -82865560 29493478
v 484040 -82866056 29493963
v 483471 -82866983 29494871
v 483467 -82867770 29495810
v 483455 -82868451 29496658
v 483456 -82869777 29499040
v 486661 -82870056 29499654
v 482554 -82870335 29500239
v 482547 -82871778 29503685
v 482445 -82872669 29505427
v 482446 -82872853 29505701
v 481933 -82874322 29508266
v 481926 -82875754 29510470
v 481918 -82876461 29511639
v 481917 -82876958 29512349
v 481916 -82877115 29512739
v 481914 -82877272 29513175
v 481915 -82877769 29513874
v 482115 -82878031 29514344
v 481985 -82878684 29515336
v 481899 -82879183 29516063
v 481895 -82880204 29517736
v 481896 -82883904 29524009
v 482107 -82884888 29525656
v 481981 -82885504 29526658
v 486268 -82889506 29526674
v 482119 -82889527 29528680
v 481957 -82889534 29529156
v 481979 -82889558 29530810
v 481883 -82888072 29530816
v 481978 -82889256 29532732
v 481871 -82889366 29532910
v 481872 -82892588 29538157
v 482031 -82895798 29543541
v 481850 -82896175 29543933
v 481851 -82896865 29545345
v 481846 -82897590 29546386
v 481843 -82897956 29547348
v 481844 -82898072 29547422
v 482078 -82899427 29549435
v 482079 -82900470 29551170
v 482082 -82901029 29552142
v 481817 -82905264 29559083
v 481814 -82906837 29561672
v 481802 -82907195 29562087
v 481797 -82907361 29562383
v 481798 -82908012 29563466
v 481790 -82909002 29565063
v 481791 -82909378 29565732
v 491611 -82909888 29566585
v 481784 -82910098 29566943
v 481785 -82910785 29567959
v 481780 -82911291 29569005
v 481781 -82912193 29570359
v 482150 -82912392 29570655
v 481767 -82912523 29570999
v 481764 -82913466 29572695
v 481766 -82913716 29572894
v 481911 -82914514 29574299
v 481759 -82914750 29574643
v 481900 -82915457 29575719
v 481731 -82915955 29576476
v 481732 -82917532 29578838
v 482019 -82917722 29579164
v 482167 -82917996 29579634
v 482168 -82918172 29579935
v 482040 -82918431 29580378
v 482041 -82918652 29580758
v 482169 -82918871 29580959
v 482039 -82919170 29581498
v 481975 -82919514 29582115
v 481976 -82919686 29582425
v 482038 -82919928 29582860
v 481746 -82920620 29583924
v 481747 -82921191 29585033
v 482393 -82921650 29585789
v 481738 -82923215 29588370
v 281611 -82925969 29590844
v 281612 -82927673 29590821
v 281618 -82929818 29590843
v 281616 -82930400 29590752
v 281617 -82930516 29590752
v 281614 -82931396 29590752
v 281609 -82933074 29590844
v 281607 -82934253 29590958
v 281608 -82935211 29591123
v 281606 -82935826 29591187
v 281626 -82936736 29591218
v 208873 -82937339 29591239
v 208872 -82938031 29591265
v 208703 -82940023 29591227
v 208702 -82941647 29590912
v 208711 -82943193 29590248
v 208712 -82944032 29589354
v 208719 -82946679 29586604
v 208718 -82946837 29586535
v 208729 -82948462 29584472
v 210645 -82949740 29583904
v 208732 -82953101 29583570
v 208731 -82954387 29583693
v 208727 -82956956 29584746
v 208722 -82958136 29585983
v 208723 -82958345 29586304
v 208716 -82960313 29588206
v 208717 -82960654 29588778
v 208890 -82960907 29589010
v 208706 -82963119 29590770
v 208707 -82963888 29591564
v 208979 -82966996 29593898
v 208982 -82967727 29594386
v 208698 -82971878 29597138
v 208699 -82972791 29597681
v 208987 -82973726 29598238
v 208988 -82976910 29600051
v 208998 -82981412 29601511
v 208687 -82981870 29601626
v 208685 -82982788 29601717
v 208683 -82983627 29601809
v 208684 -82983738 29601813
v 208682 -82984702 29601854
v 208678 -82985829 29601899
v 208681 -82986431 29601873
v 208680 -82986930 29601853
v 208679 -82988084 29601853
v 208677 -82990837 29601896
v 207957 -83016390 29602772
v 207959 -83023852 29603351
v 207952 -83033274 29604449
v 207948 -83041796 29605435
v 207949 -83045000 29605799
v 207946 -83049662 29606329
v 207944 -83054722 29606856
v 207945 -83057490 29607183
v 209134 -83061177 29607618
v 209136 -83064894 29608057
v 208288 -83068430 29608475
v 208289 -83070471 29608716
v 207936 -83075856 29609352
v 207937 -83076695 29609419
v 208287 -83077481 29609483
v 208261 -83081071 29609774
v 207933 -83084326 29610038
v 207929 -83086528 29610839
v 207930 -83088288 29612024
v 208262 -83090111 29613251
v 208267 -83090536 29613567
v 207921 -83092036 29614802
v 207909 -83095367 29617068
v 207894 -83101032 29620549
v 207895 -83102758 29621549
v 208172 -83104747 29622701
v 207875 -83106961 29623984
v 207205 -83110465 29626013
v 207163 -83111362 29626541
v 207164 -83112045 29626943
v 207204 -83112355 29627125
v 207325 -83113907 29628038
v 207323 -83114895 29628620
v 207324 -83115801 29629154
v 210614 -83116005 29629274
v 207113 -83116216 29629398
v 207111 -83117029 29629810
v 207112 -83118371 29630555
v 207103 -83119181 29631069
v 207105 -83120065 29631523
v 207099 -83120807 29631939
v 207100 -83121606 29632454
v 207264 -83122436 29632927
v 207093 -83123273 29633404
v 206781 -83124416 29633977
v 206576 -83125248 29634347
v 206573 -83125354 29634668
v 206574 -83126106 29635105
v 206560 -83127713 29636043
v 206556 -83129470 29636548
v 206554 -83131175 29636686
v 206555 -83133468 29637163
v 206548 -83135476 29637581
v 206549 -83135738 29637701
v 206534 -83139803 29639553
v 206535 -83141035 29640109
v 206697 -83142473 29640759
v 206671 -83142899 29640952
v 206526 -83143762 29641342
v 206524 -83145860 29642305
v 206525 -83147889 29643244
v 206693 -83150010 29644225
v 206694 -83151413 29644874
v 206664 -83151920 29645109
v 206665 -83156891 29647389
v 206690 -83158981 29648303
v 206501 -83160729 29648884
v 206502 -83163244 29649751
v 206490 -83168100 29651428
v 206486 -83175261 29653765
v 206484 -83175602 29653788
v 206485 -83180505 29655362
v 206681 -83190493 29658570
v 206473 -83204352 29663020
v 206471 -83206241 29663615
v 206470 -83222455 29668927
v 206467 -83230248 29671445
v 206215 -83248536 29677095
v 206213 -83251359 29678039
v 206209 -83251464 29678062
v 206210 -83268646 29687111
v 206200 -83272055 29690051
v 206198 -83278115 29695207
v 206199 -83290735 29705983
v 206191 -83292441 29707558
v 206187 -83294120 29708910
v 206188 -83295344 29709957
v 206403 -83296806 29711207
v 206178 -83305772 29718875
v 206176 -83306848 29719929
v 206177 -83315195 29733537
v 206152 -83315720 29734545
v 206133 -83319739 29743731
v 206128 -83321078 29746869
v 206130 -83321562 29748480
v 206127 -83321656 29748794
v 205646 -83322150 29755555
v 205641 -83322387 29759817
v 205642 -83322869 29768093
v 205677 -83322873 29768457
v 205619 -83324122 29774204
v 205620 -83324311 29774545
v 977496 -83326223 29778007
v 977498 -83326571 29778637
v 977526 -83328374 29781897
v 977625 -83328838 29782735
v 977623 -83329139 29783278
v 977618 -83330199 29785193
v 977484 -83331609 29787742
v 977486 -83334005 29791876
v 977476 -83334814 29793331
v 977474 -83337758 29798462
v 977472 -83341017 29804326
v 977473 -83342936 29807656
v 977468 -83346721 29814542
v 977464 -83353817 29822191
v 977465 -83360269 29829251
v 977460 -83362335 29831512
v 977461 -83369723 29839495
v 977672 -83371221 29841114
v 977673 -83379568 29850056
v 977358 -83380182 29850709
v 977353 -83384016 29854948
v 977354 -83386527 29857718
v 977351 -83386986 29858225
v 977338 -83398650 29870714
v 976831 -83406711 29878927
v 976828 -83407526 29879981
v 976829 -83409152 29881849
v 976814 -83412336 29886075
v 976815 -83412669 29886670
v 976812 -83412914 29887106
v 976808 -83413676 29888046
v 976805 -83415279 29890383
v 976806 -83416403 29891932
v 976800 -83419169 29895744
v 976801 -83420990 29898236
v 976770 -83424202 29902633
v 976784 -83424742 29903372
v 976785 -83430448 29911694
v 976762 -83430999 29912650
v 976757 -83431735 29913589
v 976758 -83435873 29919469
v 976846 -83436326 29920090
v 976847 -83442715 29929068
v 976850 -83444325 29931673
v 976731 -83445017 29932899
v 976732 -83447595 29938488
v 976692 -83466197 29958872
v 976694 -83471504 29963308
v 976845 -83474210 29965682
v 976841 -83477290 29968517
v 976665 -83479645 29970801
v 976657 -83482962 29974076
v 976658 -83489438 29980321
v 976838 -83492606 29983377
v 976633 -83493493 29984356
v 976635 -83497342 29989249
v 976562 -83499593 29992277
v 976563 -83499866 29992624
v 976877 -83500389 29993157
v 981835 -83506639 29999523
v 982576 -83506925 29999814
v 981736 -83507880 30000685
v 981737 -83509384 30002129
v 981833 -83510000 30002721
v 981834 -83512872 30005618
v 981730 -83514429 30007140
v 981731 -83515618 30008302
v 976570 -83519134 30011726
v 982581 -83519786 30012314
v 982582 -83521002 30013410
v 982583 -83523429 30015407
v 981728 -83525778 30016961
v 976566 -83526885 30017693
v 976565 -83527991 30018425
v 981657 -83538966 30027338
v 981658 -83540411 30029629
v 981726 -83541751 30031470
v 981642 -83543387 30034050
v 977560 -83547607 30040121
v 977561 -83547932 30040716
v 981724 -83548860 30043277
v 981608 -83551362 30052330
v 981604 -83552862 30056865
v 981584 -83555970 30062911
v 981585 -83557653 30066036
v 981576 -83558261 30067309
v 981574 -83559051 30068684
v 981600 -83581872 30060721
v 981599 -83588069 30061236
v 981595 -83593388 30062609
v 981593 -83604684 30062743
v 981590 -83605000 30062765
v 981588 -83605211 30062765
v 981597 -83605290 30062399
v 981596 -83609187 30062489
v 981580 -83608978 30066131
v 981578 -83609083 30066268
v 981577 -83614692 30066335
v 980640 -83626335 30066267
v 980638 -83632260 30066245
v 980639 -83632298 30068657
v 980822 -83632337 30071136
v 980623 -83632386 30076827
v 980622 -83634388 30076828
v 980621 -83638469 30076829
v 979871 -83642762 30076762
v 980624 -83646897 30076740
v 980619 -83646949 30080313
v 979865 -83650952 30079765
v 979866 -83650998 30078971
v 980819 -83653918 30079074
v 980613 -83660669 30080522
v 980615 -83660985 30080454
v 980617 -83662758 30080376
v 980820 -83665752 30081554
v 980612 -83665989 30081577
v 980596 -83667200 30084738
v 980597 -83668170 30085332
v 980834 -83670191 30086426
v 980572 -83672493 30087738
v 980568 -83673679 30088265
v 980547 -83678472 30090831
v 980538 -83683898 30093784
v 980531 -83684741 30094448
v 980505 -83702786 30104135
v 980506 -83704524 30105074
v 980500 -83706000 30105783
v 980501 -83712627 30109512
v 980491 -83714615 30110499
v 980488 -83718435 30112720
v 980483 -83730004 30119334
v 980484 -83731841 30120271
v 980813 -83733964 30121462
v 980480 -83735143 30122218
v 979309 -83742779 30126239
v 979116 -83753092 30132056
v 979031 -83756913 30134192
v 979032 -83764071 30138091
v 979019 -83771164 30141663
v 979020 -83777779 30142594
v 979014 -83792086 30142697
v 979015 -83800821 30142739
v 979013 -83801888 30142744
v 979011 -83805104 30142767
v 979012 -83810128 30142773
v 979111 -83812863 30142776
v 979112 -83816932 30142781
v 979009 -83824892 30142790
v 979010 -83831581 30142847
v 979005 -83838146 30142902
v 979006 -83841255 30142901
v 983149 -83846071 30142878
v 979008 -83851446 30142852
v 979007 -83856748 30142827
v 979082 -83861829 30142451
v 979018 -83866467 30142026
v 979017 -83870265 30141677
v 983125 -83875105 30141286
v 978804 -83879271 30141242
v 978768 -83880923 30141224
v 978767 -83885211 30141180
v 978770 -83888509 30141172
v 978805 -83893735 30141159
v 978769 -83900467 30141139
v 978766 -83907370 30141164
v 978765 -83907871 30141141
v 978762 -83913245 30141188
v 978763 -83916302 30141198
v 983141 -83918037 30141204
v 983142 -83924475 30141225
v 983143 -83928001 30141236
v 978760 -83931584 30141419
v 978758 -83933112 30141556
v 978759 -83937731 30142883
v 978755 -83939409 30143365
v 978753 -83944231 30144441
v 978751 -83944995 30144578
v 978752 -83969199 30144949
v 978750 -83970420 30145467
v 403323 -83972551 30146430
v 403322 -83973191 30146719
v 403321 -83973770 30146980
v 403313 -83983387 30151325
v 400752 -84008992 30173877
v 400753 -84019375 30185986
v 400745 -84028384 30187784
v 400746 -84028954 30187835
v 400780 -84033078 30188201
v 400744 -84038717 30188702
v 400743 -84045333 30189253
v 400742 -84050025 30189643
v 400736 -84075964 30191338
v 1016224 -84084953 30191566
v 1016225 -84088110 30191863
v 1016223 -84097079 30192343
v 1016221 -84108283 30192684
v 1016222 -84114815 30192912
v 1016220 -84117168 30193115
v 1015931 -84124127 30193661
v 1016068 -84129294 30194205
v 1015924 -84142651 30195618
v 1015915 -84160633 30198204
v 1015906 -84171943 30199283
v 1015910 -84174737 30198757
v 1015911 -84175750 30198757
v 1016046 -84178020 30198992
v 1016035 -84178542 30199065
v 1015907 -84179614 30199215
v 1015904 -84180801 30199376
v 1015905 -84181159 30199436
v 1015903 -84183122 30199765
v 1015901 -84183860 30199857
v 1015902 -84183892 30199900
v 1015893 -84192639 30209887
v 1015884 -84200339 30219140
v 1015871 -84211521 30225803
v 1015867 -84219091 30228253
v 1015866 -84219697 30228344
v 1014353 -84220407 30228658
v 1016070 -84221502 30229120
v 1016064 -84221915 30229267
v 1016065 -84223790 30229934
v 1015859 -84229378 30231801
v 1015854 -84231488 30232807
v 1015857 -84232347 30232815
v 1015856 -84239876 30234407
v 1018051 -84239982 30234428
v 1017295 -84243850 30235177
v 1017294 -84245838 30235562
v 1017696 -84249411 30236254
v 1014930 -84252193 30236736
v 1014924 -84253417 30236943
v 1014925 -84257200 30237505
v 1014919 -84258059 30237632
v 1014917 -84259483 30237839
v 1014918 -84262338 30238107
v 1015610 -84269739 30239303
v 1014902 -84279633 30242496
v 1014899 -84286121 30242819
v 1014897 -84310390 30243625
v 1014895 -84312266 30243943
v 1014894 -84321706 30251783
v 1014922 -84323799 30252401
v 1017597 -84324299 30252501
v 1017598 -84326703 30252944
v 1017589 -84331800 30253885
v 1017590 -84337439 30254927
v 1017906 -84337815 30254996
v 1017893 -84338738 30255166
v 1017546 -84353800 30258201
v 1017529 -84362100 30263301
v 1014289 -84375160 30271380
v 1014271 -84376290 30272434
v 1014269 -84376870 30272732
v 1014270 -84383129 30276738
v 1014265 -84383781 30277155
v 1014263 -84385100 30277842
v 1014264 -84386106 30278468
v 1014291 -84387424 30279289
v 1017292 -84388220 30279785
v 1017229 -84388404 30279899
v 1014256 -84390192 30280959
v 1014257 -84390537 30281173
v 1017230 -84391082 30281511
v 1017231 -84396952 30285150
v 1017285 -84397933 30285758
v 1014250 -84398556 30286414
v 1014249 -84399242 30286505
v 1014248 -84400086 30287078
v 1014232 -84408186 30292578
v 1014233 -84410979 30295440
v 1014209 -84419825 30301788
v 465862 -84420624 30302409
v 465776 -84421434 30302887
v 465773 -84425552 30305385
v 465760 -84433259 30310127
v 465748 -84442895 30315922
v 465720 -84459581 30325975
v 465705 -84473050 30332318
v 465706 -84475354 30333392
v 465702 -84479335 30335248
v 465686 -84492251 30341154
v 465681 -84493017 30341657
v 465682 -84495240 30342630
v 465557 -84498088 30343877
v 465553 -84505123 30347082
v 465554 -84511477 30350003
v 465548 -84513678 30350910
v 465549 -84522607 30355100
v 465544 -84530393 30358818
v 465359 -84542408 30366587
v 465351 -84566505 30382417
v 465352 -84568478 30383891
v 465347 -84569807 30384776
v 465348 -84580787 30388635
v 465371 -84584222 30388647
v 465372 -84588826 30388663
v 465543 -84589968 30388667
v 465374 -84594413 30388653
v 465345 -84600078 30388635
v 465156 -84605556 30388617
v 465155 -84627512 30389248
v 465153 -84628332 30389179
v 465158 -84629484 30388910
v 465157 -84630974 30388562
v 465159 -84634541 30388220
v 465173 -84639323 30388683
v 465196 -84641894 30387952
v 465197 -84651662 30381576
v 479066 -84653256 30381861
v 479880 -84654177 30382712
v 465181 -84654530 30383205
v 465182 -84654841 30383555
v 493983 -84655183 30383940
v 273717 -84666091 30387811
v 273718 -84666590 30387820
v 273754 -84668247 30387849
v 273719 -84671277 30387899
v 273720 -84680622 30388047
v 493949 -84682181 30388070
v 493946 -84684585 30388345
v 493945 -84690346 30389146
v 493944 -84690768 30389146
v 493948 -84693252 30389115
v 493947 -84698774 30388321
v 493821 -84704747 30387244
v 493950 -84705962 30387083
v 493952 -84710295 30386418
v 493955 -84714567 30385727
v 493954 -84722766 30384400
v 493959 -84724574 30384069
v 493958 -84726148 30383780
v 493961 -84727918 30383642
v 493962 -84730824 30383366
v 493964 -84731326 30383321
v 493965 -84733229 30383364
v 493963 -84734285 30383388
v 493956 -84743560 30383866
v 493957 -84746775 30384200
v 493785 -84749486 30384482
v 493781 -84752620 30384822
v 493780 -84753465 30384914
v 493773 -84763690 30386041
v 493758 -84777007 30387557
v 493759 -84781116 30388057
v 493837 -84789533 30389082
v 493838 -84793329 30389544
v 493421 -84794357 30389669
v 493422 -84795153 30389766
v 493745 -84798304 30390150
v 493743 -84799625 30390677
v 493739 -84801078 30391273
v 493737 -84801527 30391457
v 493738 -84803495 30392771
v 493878 -84805811 30394432
v 493733 -84808372 30396268
v 493734 -84808946 30396679
v 493729 -84810196 30397574
v 493730 -84812976 30399583
v 493849 -84813263 30399791
v 493835 -84814777 30400886
v 493720 -84816882 30402407
v 493719 -84824969 30404858
v 493718 -84830043 30406186
v 493717 -84832819 30406942
v 493716 -84835277 30407468
v 493714 -84836783 30407949
v 493711 -84843365 30409391
v 493707 -84845242 30410078
v 493706 -84849339 30411062
v 493703 -84862529 30414288
v 493700 -84867922 30415569
v 493699 -84868979 30415866
v 496031 -84884306 30418377
v 496025 -84890349 30419266
v 493165 -84894020 30419805
v 493154 -84898584 30420476
v 493155 -84898558 30420522
v 493143 -84904294 30421417
v 493144 -84909254 30422173
v 496121 -84911979 30422589
v 493138 -84915131 30423069
v 493139 -84915749 30423217
v 493136 -84916982 30423344
v 493137 -84917233 30423394
v 493451 -84917331 30423414
v 493587 -84918767 30423701
v 493588 -84919416 30423831
v 493134 -84919889 30423872
v 493135 -84921074 30424209
v 493161 -84922089 30424497
v 493346 -84927502 30426446
v 493120 -84931970 30427974
v 493121 -84935406 30429118
v 493111 -84935618 30429188
v 493112 -84941120 30430998
v 493389 -84942441 30431377
v 493110 -84948387 30432098
v 493439 -84950096 30432104
v 493438 -84952882 30432113
v 493437 -84953428 30432113
v 493436 -84955499 30432101
v 496207 -84956145 30432091
v 496208 -84956446 30432086
v 496209 -84957693 30432067
v 493435 -84958180 30432060
v 493094 -84958239 30432059
v 493092 -84960232 30432028
v 493095 -84965758 30431935
v 493097 -84970384 30431889
v 493427 -84970868 30431883
v 493100 -84971505 30431876
v 493099 -84972615 30431876
v 493098 -84973449 30431874
v 493102 -84974316 30431870
v 493101 -84975712 30431840
v 493103 -84976359 30431796
v 493407 -84977259 30431777
v 493105 -84979867 30431732
v 493104 -84980404 30431726
v 493106 -84981647 30431679
v 493107 -84982821 30431661
v 493411 -84987119 30431598
v 493413 -84988818 30431574
v 493414 -84996249 30432578
v 493540 -85000463 30436382
v 126969 -85000918 30437205
v 126622 -85001439 30438095
v 126623 -85011561 30443150
v 126608 -85016218 30443145
v 126329 -85018230 30443142
v 126750 -85022453 30443137
v 126277 -85024896 30443135
v 126275 -85032564 30443137
v 126127 -85036755 30443127
v 126609 -85038309 30443123
v 126283 -85039521 30443120
v 126282 -85041211 30443116
v 126280 -85042427 30443139
v 126273 -85043511 30443162
v 126272 -85044965 30443163
v 126269 -85045864 30443254
v 126271 -85047115 30443298
v 126611 -85047490 30443311
v 126268 -85048429 30443345
v 126267 -85049196 30443368
v 126264 -85050360 30443460
v 126262 -85051285 30443437
v 126263 -85054117 30443531
v 126635 -85055301 30443570
v 126261 -85056150 30443598
v 126259 -85057763 30443621
v 126260 -85058134 30443647
v 126257 -85058715 30443690
v 126254 -85059720 30443736
v 126252 -85060698 30443736
v 126250 -85061306 30443782
v 126248 -85062655 30443805
v 126247 -85062840 30443805
v 126246 -85063739 30443851
v 126245 -85065669 30443851
v 126249 -85066780 30443782
v 126256 -85067349 30443724
v 126255 -85067679 30443690
v 126266 -85068628 30443507
v 126265 -85068869 30443461
v 126285 -85069470 30443251
v 126284 -85069980 30443072
v 126287 -85070905 30442820
v 126293 -85071672 30442499
v 126307 -85072888 30442041
v 126308 -85073628 30441720
v 126870 -85074447 30441230
v 126643 -85075173 30440795
v 126642 -85077975 30439120
v 126347 -85082362 30436496
v 126346 -85083015 30436105
v 126355 -85083941 30435555
v 126379 -85088472 30434116
v 126378 -85091211 30433492
v 126390 -85095758 30432575
v 126419 -85096324 30432426
v 126418 -85099856 30431497
v 126857 -85100184 30431399
v 126620 -85104488 30430124
v 126441 -85107463 30429243
v 126440 -85109611 30428607
v 126448 -85112383 30427769
v 126446 -85114396 30427162
v 125817 -85121269 30425876
v 125337 -85130217 30425781
v 125336 -85133749 30425760
v 125333 -85138507 30425762
v 125334 -85140166 30425795
v 125567 -85140458 30425800
v 125331 -85142078 30425832
v 125332 -85142690 30425835
v 125330 -85146466 30425857
v 125328 -85150511 30425904
v 125326 -85154583 30425928
v 125327 -85163942 30426527
v 125823 -85167096 30427910
v 125824 -85169225 30429214
v 125324 -85169864 30429620
v 125325 -85171826 30430973
v 125315 -85174067 30432645
v 125319 -85182058 30436923
v 125767 -85184615 30436652
v 125295 -85185781 30436609
v 125294 -85189086 30436632
v 125291 -85190408 30436632
v 125292 -85191613 30436648
v 125290 -85192127 30436655
v 125287 -85192867 30436655
v 125289 -85197713 30436719
v 125285 -85198050 30436724
v 125286 -85200096 30436748
v 125749 -85202619 30436777
v 125282 -85205930 30436815
v 125284 -85206099 30436817
v 125600 -85211167 30436873
v 125741 -85214504 30436911
v 125742 -85218120 30436946
v 125740 -85219630 30436900
v 125280 -85222614 30436812
v 125300 -85226263 30435138
v 125311 -85231101 30433304
v 125312 -85233018 30433342
v 125967 -85236738 30433416
v 125306 -85243503 30433551
v 125307 -85244263 30433561
v 125731 -85244383 30433562
v 125305 -85245142 30433573
v 125304 -85248051 30433641
v 124730 -85251711 30433752
v 124729 -85254090 30433822
v 124728 -85256312 30433846
v 124725 -85260489 30433940
v 124727 -85262286 30433950
v 125014 -85263193 30433956
v 124724 -85264376 30433964
v 124723 -85268395 30434035
v 124722 -85269268 30434058
v 124719 -85272071 30434082
v 124720 -85272400 30434082
v 125015 -85272864 30434082
v 124718 -85273366 30434082
v 124721 -85277068 30433969
v 124732 -85281273 30433007
v 124744 -85282940 30432275
v 124743 -85285345 30431221
v 124987 -85287522 30430101
v 124986 -85294896 30426308
v 124781 -85297086 30425182
v 124780 -85300709 30423318
v 124784 -85302401 30422379
v 124782 -85311154 30422563
v 124783 -85315701 30424922
v 124762 -85319720 30427008
v 124758 -85322021 30428108
v 124741 -85327891 30431270
v 124704 -85334846 30435050
v 124705 -85335864 30435510
v 124988 -85336446 30435773
v 124989 -85338137 30436484
v 124633 -85341434 30437233
v 124634 -85342286 30437302
v 129535 -85343842 30437373
v 129537 -85344605 30437408
v 127224 -85347353 30437200
v 124700 -85351884 30436297
v 124699 -85356636 30435457
v 124701 -85361766 30435249
v 124702 -85369163 30435360
v 125063 -85369502 30435360
v 124738 -85369900 30435360
v 124518 -85378269 30435334
v 124519 -85383854 30435321
v 124537 -85385498 30435318
v 28133 -85386678 30435315
v 28137 -85387724 30435301
v 28135 -85389111 30435316
v 28143 -85389626 30435303
v 28142 -85390988 30435271
v 28140 -85395035 30435250
v 28141 -85402165 30435324
v 28287 -85404446 30435350
v 28285 -85405658 30435372
v 28129 -85407966 30435414
v 28130 -85409224 30435422
v 28126 -85412329 30435438
v 28127 -85413819 30435467
v 28124 -85420500 30435600
v 28125 -85423810 30435692
v 28187 -85426555 30435783
v 28120 -85427243 30435807
v 28121 -85431364 30435918
v 28320 -85435895 30436041
v 28321 -85436166 30436048
v 28295 -85440601 30436168
v 28296 -85441896 30436203
v 26898 -85442806 30436228
v 28293 -85443872 30436257
v 28290 -85449117 30436362
v 28291 -85452937 30436423
v 41384 -85453796 30436437
v 28118 -85463235 30436561
v 28114 -85465033 30436584
v 28115 -85470557 30436680
v 28097 -85472023 30436703
v 28098 -85479279 30436789
v 28109 -85486612 30436876
v 27742 -85501698 30436880
v 27539 -85502528 30436869
v 27537 -85505675 30436871
v 27536 -85514534 30436897
v 27534 -85515830 30436898
v 27541 -85521516 30436373
v 27551 -85525562 30435503
v 27518 -85529212 30434702
v 27557 -85533946 30433582
v 27568 -85545199 30431074
v 27567 -85551057 30429803
v 27579 -85559281 30428131
v 27589 -85568060 30427329
v 27585 -85582921 30427626
v 27582 -85585909 30427717
v 27583 -85590112 30427828
v 27584 -85605795 30427735
v 27683 -85609560 30427493
v 27682 -85616475 30426915
v 27681 -85617950 30426776
v 39751 -85618127 30426759
v 27693 -85618716 30426703
v 27591 -85620836 30426493
v 27590 -85621528 30426423
v 27592 -85622559 30426354
v 27733 -85626498 30426113
v 27196 -85630425 30425860
v 27195 -85631316 30425803
v 27201 -85638641 30425027
v 27205 -85646549 30424342
v 27209 -85652382 30423880
v 27207 -85657813 30424277
v 27208 -85660544 30424840
v 27192 -85665825 30425929
v 27194 -85667477 30426370
v 27188 -85668654 30426685
v 27189 -85671451 30427328
v 27183 -85673943 30427901
v 27184 -85674713 30428081
v 27180 -85676984 30428611
v 27181 -85679528 30429308
v 27254 -85682138 30429897
v 27422 -85682763 30430038
v 27176 -85687826 30431293
v 27174 -85692243 30433402
v 27167 -85699807 30437274
v 27153 -85705520 30439451
v 27152 -85706181 30439588
v 27151 -85714565 30439633
v 27150 -85716734 30439633
v 27148 -85723002 30439769
v 27149 -85730738 30439829
v 27420 -85738371 30439889
v 27097 -85748287 30439966
v 27053 -85749931 30439999
v 27054 -85757086 30440056
v 27098 -85759270 30440073
v 27010 -85759351 30440074
v 27011 -85764680 30440117
v 27052 -85787042 30440298
v 26769 -85789830 30440308
v 26770 -85793680 30440322
v 27051 -85797312 30440367
v 27095 -85807521 30440495
v 41267 -85810099 30440527
v 27104 -85815870 30440599
v 27094 -85825155 30440782
v 27050 -85827207 30440738
v 27048 -85828382 30440713
v 27049 -85832844 30440736
v 27105 -85840526 30440778
v 27046 -85844938 30440802
v 27047 -85847213 30440847
v 27103 -85853640 30440729
v 1030703 -85869784 30440736
v 1030698 -85873866 30440734
v 1030650 -85873868 30440438
v 1030649 -85874194 30440365
v 1030647 -85874403 30440746
v 1030519 -85875363 30441901
v 1030397 -85877578 30443885
v 1030396 -85878133 30444137
v 1030395 -85882444 30445789
v 1030392 -85885379 30446822
v 1030393 -85890304 30448458
v 1030464 -85890703 30448591
v 1030499 -85891131 30448733
v 1030460 -85893573 30449545
v 1030458 -85894974 30450011
v 1030459 -85896191 30450416
v 1030462 -85897157 30450737
v 1030463 -85897789 30450947
v 1027161 -85898302 30451117
v 1027119 -85898781 30451276
v 1027120 -85900215 30451753
v 1027062 -85901670 30452236
v 1027063 -85902653 30452562
v 1027061 -85912595 30455860
v 1027059 -85913098 30456044
v 1027060 -85929903 30461648
v 1027051 -85932831 30462624
v 1027052 -85935842 30463645
v 1027047 -85940265 30465145
v 1027048 -85946322 30467133
v 1027044 -85959077 30470735
v 1027045 -85959985 30470969
v 1027138 -85960694 30471152
v 1027042 -85961829 30471445
v 1027043 -85962770 30471640
v 1027139 -85963327 30471756
v 1027040 -85964475 30471995
v 1027039 -85964898 30472040
v 1027034 -85973683 30473093
v 1027032 -85983235 30473732
v 1027027 -85984214 30473823
v 1027029 -85986303 30473950
v 1027115 -85987710 30474035
v 1027024 -85991015 30474234
v 1027026 -85994019 30474419
v 1019829 -86008565 30475195
v 1019826 -86011661 30475380
v 1019827 -86016891 30475700
v 1020007 -86019825 30475879
v 1019825 -86023726 30476118
v 1019819 -86031770 30476586
v 1019820 -86034546 30476748
v 1029081 -86038426 30476974
v 1019818 -86040529 30477085
v 1019815 -86041851 30477177
v 1019817 -86046042 30477386
v 1019813 -86049207 30477544
v 1019814 -86050833 30477639
v 1020000 -86051138 30477657
v 1020001 -86052242 30477722
v 1025326 -86056571 30477976
v 1020005 -86065059 30478474
v 1020006 -86067202 30478599
v 1026983 -86068634 30478683
v 1019810 -86071488 30478852
v 1019811 -86071963 30478887
v 1020002 -86073047 30478966
v 1019997 -86075245 30479126
v 1019805 -86076674 30479218
v 1019806 -86077154 30479245
v 1020003 -86083147 30479580
v 1020004 -86084588 30479661
v 1019801 -86091386 30480041
v 1019802 -86093168 30480197
v 1019799 -86100013 30481483
v 1019800 -86104376 30483448
v 1019793 -86107132 30484598
v 1019794 -86108745 30485432
v 1020128 -86110178 30486100
v 1020129 -86113453 30487626
v 1019760 -86119414 30490405
v 1019761 -86121400 30491331
v 1019309 -86124940 30492910
v 1019310 -86125454 30493150
v 1019287 -86128819 30494722
v 1019272 -86133819 30497108
v 1019273 -86135184 30497737
v 1019262 -86135380 30497819
v 1019259 -86136306 30498255
v 1019251 -86138476 30499218
v 1019252 -86141230 30500573
v 1026365 -86143472 30501301
v 1026390 -86146297 30502218
v 1019277 -86149619 30503297
v 1026346 -86153682 30504576
v 1026493 -86154015 30504681
v 1026494 -86154733 30504907
v 1026497 -86155056 30505009
v 1026490 -86156505 30505466
v 1026491 -86158001 30505937
v 1026514 -86158883 30506216
v 1026515 -86159366 30506368
v 1029094 -86160404 30506695
v 1026334 -86166505 30508618
v 1026332 -86169098 30509421
v 1026333 -86170378 30509885
v 1026323 -86171923 30510371
v 1026324 -86176208 30511686
v 1026387 -86176772 30511844
v 1026312 -86178706 30512332
v 1026313 -86179263 30512455
v 1029086 -86180629 30512608
v 1026329 -86183709 30512653
v 1026311 -86186318 30512531
v 1026309 -86187124 30512470
v 1026479 -86188543 30512371
v 1027538 -86189173 30512327
v 1026519 -86190253 30512252
v 1026316 -86191442 30512169
v 1026314 -86194695 30511943
v 1026315 -86194897 30512602
v 1029344 -86195006 30512695
v 1026305 -86195092 30512768
v 1026307 -86195992 30512585
v 1026319 -86198721 30511794
v 1026318 -86200042 30511644
v 1026320 -86202862 30512404
v 1026308 -86203669 30512515
v 1026300 -86209360 30514485
v 1026298 -86215820 30516386
v 1026299 -86216671 30516643
v 1026457 -86216993 30516741
v 1026294 -86218202 30517074
v 1026295 -86218316 30517272
v 1026290 -86223047 30519273
v 1026288 -86224424 30519616
v 1026385 -86227818 30519462
v 1026292 -86231847 30519047
v 1026291 -86232949 30518628
v 1026384 -86236003 30517473
v 1025826 -86246713 30516385
v 1025825 -86256271 30516194
v 1025827 -86258309 30516286
v 1025838 -86269905 30515030
v 1025844 -86283406 30513727
v 1025837 -86290738 30515012
v 1025836 -86291823 30515540
v 1025830 -86292432 30515723
v 1025814 -86299923 30516916
v 1025917 -86304538 30517903
v 1025959 -86306392 30518299
v 1025813 -86308329 30518713
v 1025804 -86309501 30518964
v 1025789 -86313805 30519885
v 1025787 -86314615 30520058
v 1025785 -86316672 30520498
v 1025961 -86317295 30520631
v 1025801 -86317508 30520677
v 1025960 -86319898 30521537
v 1025773 -86321420 30521936
v 1025793 -86323141 30522257
v 1025792 -86330685 30519620
v 1025806 -86333359 30518542
v 1025816 -86334068 30518281
v 1025815 -86338097 30516800
v 1025956 -86341644 30515185
v 1025850 -86343345 30513769
v 1025849 -86343973 30513246
v 1018755 -86362177 30505940
v 1025871 -86362949 30505630
v 1025873 -86368268 30503589
v 1018725 -86373481 30501409
v 1018724 -86372339 30497362
v 1018726 -86378322 30493552
v 1027721 -86383288 30497659
v 654303 -86393551 30493540
v 654355 -86413822 30489511
v 654308 -86415036 30489550
v 654309 -86415788 30489571
v 643263 -86416886 30489601
v 654302 -86419278 30489668
v 654021 -86424970 30489844
v 654022 -86428508 30492426
v 654019 -86432874 30495612
v 654018 -86433149 30495882
v 653990 -86435529 30497603
v 653983 -86438779 30501730
v 653982 -86439420 30503176
v 653981 -86439603 30503416
v 653980 -86439954 30504523
v 653977 -86440848 30506697
v 653964 -86441348 30507997
v 653962 -86443648 30509297
v 653950 -86444648 30510797
v 653946 -86445948 30511297
v 653935 -86447848 30511797
v 653927 -86448848 30511997
v 653854 -86450448 30512397
v 653848 -86453949 30513097
v 653799 -86456849 30513797
v 653787 -86459049 30514397
v 653783 -86461249 30514897
v 651312 -86463749 30515297
v 651309 -86465349 30515797
v 651306 -86468149 30516397
v 651260 -86469749 30516797
v 651166 -86473749 30517697
v 651149 -86478049 30518697
v 651143 -86480949 30519297
v 651109 -86482349 30519597
v 651107 -86483149 30519797
v 651105 -86484949 30520197
v 651104 -86485449 30520297
v 651101 -86486149 30520497
v 651097 -86487049 30520697
v 651076 -86488450 30520997
v 651074 -86491650 30521797
v 651073 -86492550 30521997
v 651072 -86493750 30522297
v 651051 -86494750 30522497
v 651050 -86497350 30523097
v 651049 -86498650 30523097
v 650992 -86501650 30520397
v 651052 -86502150 30519297
v 650991 -86502650 30518597
v 650995 -86503228 30518155
v 650985 -86506050 30516497
v 650984 -86506250 30516397
v 650981 -86507850 30515497
v 650966 -86510350 30514197
v 653242 -86510681 30514002
v 650943 -86512710 30514094
v 650941 -86529145 30521140
v 650940 -86544968 30528352
v 650935 -86545785 30528709
v 650932 -86565339 30535913
v 650927 -86597505 30536569
v 650930 -86618533 30537042
v 650928 -86620826 30537081
v 648882 -86622439 30537404
v 648881 -86626978 30534756
v 648880 -86637172 30535242
v 648867 -86637171 30537350
v 648864 -86642069 30537489
v 648862 -86643605 30537489
v 648863 -86647502 30537568
v 648856 -86662008 30537861
v 648858 -86664303 30537905
v 649150 -86665177 30537922
v 649151 -86669679 30538008
v 648854 -86674029 30538092
v 648855 -86676537 30538198
v 648851 -86677816 30538253
v 648859 -86678875 30537795
v 648872 -86680702 30536763
v 648879 -86682344 30535847
v 648885 -86684912 30534471
v 648886 -86685124 30534448
v 648892 -86687745 30532821
v 648912 -86693015 30529934
v 648916 -86693227 30529567
v 648913 -86694137 30529715
v 648911 -86695716 30530070
v 648898 -86701912 30531376
v 648889 -86711073 30533300
v 648888 -86711311 30533369
v 648971 -86717799 30534445
v 649157 -86717638 30535613
v 649156 -86719952 30534297
v 648924 -86723330 30532375
v 648923 -86729261 30529101
v 648926 -86729288 30528918
v 648951 -86734927 30525753
v 648905 -86739536 30530702
v 648906 -86746420 30538220
v 648847 -86746742 30538630
v 648848 -86747443 30539458
v 648309 -86751365 30544290
v 648319 -86754650 30542412
v 648308 -86763573 30544364
v 648305 -86771094 30545925
v 648302 -86771226 30546109
v 648303 -86771676 30546040
v 648306 -86775199 30544803
v 648311 -86777371 30543841
v 648318 -86779780 30543521
v 648316 -86785527 30543522
v 648314 -86795059 30543684
v 648312 -86796940 30543730
v 914428 -86798476 30543776
v 914426 -86802396 30543777
v 914430 -86805679 30543273
v 914435 -86806235 30542700
v 914455 -86807577 30540095
v 914453 -86807771 30539720
v 914456 -86808698 30539353
v 914457 -86809175 30539308
v 914459 -86809757 30539124
v 914460 -86811440 30539382
v 914448 -86815795 30540431
v 914451 -86816801 30540385
v 914450 -86818310 30540408
v 914444 -86830042 30540613
v 914446 -86831683 30540613
v 914447 -86835997 30540692
v 914443 -86841587 30540794
v 914441 -86846962 30541022
v 914439 -86851623 30541158
v 914437 -86862295 30541384
v 914438 -86864996 30541408
v 914436 -86867273 30541428
v 914418 -86868256 30547318
v 914413 -86871434 30547661
v 914419 -86874522 30547224
v 914218 -86874804 30547216
v 914219 -86877860 30547063
v 913974 -86878856 30546955
v 913972 -86879545 30546882
v 913973 -86881691 30546442
v 913971 -86895991 30547278
v 913966 -86900677 30550580
v 913964 -86901816 30551176
v 913959 -86901974 30551795
v 913954 -86903112 30553537
v 913951 -86906661 30555210
v 913946 -86911798 30557022
v 913939 -86918551 30559155
v 913937 -86918816 30559316
v 913938 -86924501 30571528
v 914112 -86927362 30578104
v 914113 -86930022 30583307
v 913895 -86933329 30586937
v 913896 -86934564 30588119
v 913891 -86934574 30588129
v 913869 -86941304 30595188
v 913854 -86947504 30601537
v 913852 -86951439 30605759
v 913853 -86951751 30606084
v 914170 -86954819 30609281
v 914162 -86958389 30613000
v 913818 -86960650 30615356
v 913805 -86961790 30616502
v 913806 -86962173 30617235
v 913795 -86962771 30618107
v 913794 -86963195 30618909
v 913791 -86963593 30619688
v 913788 -86963858 30620490
v 913787 -86964548 30621567
v 913374 -86967314 30626727
v 913375 -86968004 30628023
v 913453 -86968433 30628828
v 913331 -86968685 30629301
v 913332 -86969044 30629964
v 909350 -86970094 30631904
v 917997 -86970982 30633545
v 913319 -86970992 30633564
v 913318 -86972423 30634732
v 913320 -86979978 30633057
v 913323 -86984609 30632006
v 913325 -86988318 30631165
v 913324 -86995772 30629475
v 909239 -86998821 30628790
v 909238 -87000309 30628648
v 909261 -87004289 30627687
v 916584 -87006093 30627251
v 909292 -87007840 30626828
v 909291 -87008636 30626635
v 909298 -87010493 30626291
v 909538 -87014630 30625338
v 909537 -87017146 30624708
v 909555 -87020989 30624359
v 909549 -87021095 30624451
v 909416 -87022896 30625952
v 909296 -87023161 30626319
v 909260 -87024910 30627672
v 909250 -87027030 30628085
v 909255 -87028090 30627971
v 909527 -87032801 30625300
v 909526 -87033418 30624825
v 911171 -87033958 30624595
v 910842 -87034471 30624354
v 910841 -87034793 30624116
v 910844 -87035048 30623927
v 910843 -87035333 30623715
v 909579 -87035617 30623503
v 909578 -87036095 30623148
v 909580 -87037182 30624340
v 909548 -87038507 30624501
v 909547 -87038957 30624570
v 909535 -87039964 30624757
v 909536 -87041176 30625043
v 909423 -87041834 30625200
v 909424 -87042285 30625331
v 909314 -87043119 30625572
v 909313 -87043357 30625629
v 909309 -87044789 30625819
v 909308 -87047677 30625664
v 909306 -87048048 30625664
v 909307 -87048972 30625532
v 916473 -87049374 30625549
v 918082 -87051661 30625844
v 909530 -87052085 30625904
v 916472 -87054041 30626252
v 918084 -87054862 30626462
v 909293 -87055310 30626577
v 909276 -87056185 30626737
v 909280 -87059188 30627783
v 909166 -87064083 30630817
v 909167 -87064277 30630884
v 909500 -87064917 30631062
v 909156 -87065406 30631227
v 909157 -87066575 30631739
v 909132 -87067449 30632147
v 909127 -87068416 30632709
v 909126 -87068791 30632875
v 909105 -87071266 30634278
v 909106 -87071396 30634339
v 908323 -87073086 30635132
v 908319 -87074390 30635746
v 908320 -87074735 30635908
v 909060 -87075216 30636134
v 917289 -87075322 30636180
v 917288 -87075741 30636350
v 908315 -87076830 30636792
v 908316 -87077469 30637051
v 909021 -87079537 30637555
v 908997 -87082691 30638471
v 908992 -87084706 30638975
v 908979 -87087887 30639846
v 908980 -87092086 30640757
v 908969 -87093639 30640991
v 916452 -87094748 30641889
v 916451 -87095692 30642697
v 916450 -87095913 30642876
v 916449 -87096040 30642952
v 908952 -87097032 30645667
v 916448 -87104552 30646813
v 916447 -87106445 30646830
v 916446 -87114740 30646905
v 916445 -87122001 30646971
v 908349 -87128004 30646651
v 908350 -87135009 30646760
v 908353 -87136502 30646800
v 907364 -87140220 30646900
v 907365 -87142536 30646963
v 908354 -87147314 30647069
v 908325 -87148077 30647086
v 908201 -87149615 30647109
v 908203 -87152106 30647196
v 916415 -87153416 30647242
v 908355 -87155778 30647416
v 908380 -87158381 30647238
v 916419 -87162444 30647334
v 916414 -87165052 30647396
v 908198 -87166661 30647434
v 908197 -87181108 30647618
v 908196 -87184633 30647664
v 908180 -87187106 30650360
v 908181 -87187682 30650988
v 908184 -87189542 30653125
v 908373 -87189931 30653581
v 918967 -87191260 30655114
v 918963 -87192652 30656720
v 918964 -87194310 30658623
v 908183 -87195997 30660344
v 908169 -87198288 30661782
v 908168 -87198686 30661920
v 908160 -87200515 30662791
v 908161 -87200906 30662991
v 908154 -87203777 30664463
v 908156 -87207160 30666093
v 908314 -87213262 30669034
v 908146 -87223002 30672459
v 908147 -87233093 30672881
v 908145 -87246628 30673184
v 907957 -87248087 30673183
v 907955 -87266215 30670390
v 907954 -87266470 30670324
v 248239 -87266752 30670373
v 248238 -87267070 30670345
v 248043 -87273085 30668813
v 248042 -87292695 30663730
v 248316 -87297599 30662464
v 248048 -87298828 30662147
v 248047 -87301696 30661000
v 248055 -87304622 30659466
v 248053 -87305369 30659193
v 248264 -87310297 30656466
v 248243 -87312092 30655473
v 248068 -87314559 30654108
v 248067 -87316345 30653120
v 248083 -87317462 30652518
v 248082 -87321064 30650575
v 248094 -87317432 30643768
v 248111 -87317670 30642783
v 248116 -87318412 30640009
v 248120 -87319075 30637717
v 248132 -87319402 30636393
v 248144 -87320055 30633752
v 248149 -87320267 30632858
v 248122 -87320589 30631640
v 248121 -87321193 30629356
v 259750 -87322271 30624967
v 249685 -87322357 30624621
v 249684 -87322673 30623360
v 249695 -87322809 30622901
v 260580 -87323887 30622901
v 260582 -87325894 30622887
v 260581 -87326575 30622882
v 249679 -87327670 30622874
v 249678 -87327447 30622480
v 249698 -87327011 30621736
v 249686 -87327496 30621736
v 249683 -87328763 30621784
v 249680 -87329304 30621804
v 249676 -87330377 30621828
v 249675 -87331065 30621845
v 249662 -87331396 30621852
v 249659 -87335333 30621931
v 249590 -87338022 30621967
v 249589 -87340184 30621995
v 249579 -87344216 30622016
v 249577 -87348648 30618336
v 249583 -87351848 30615696
v 249580 -87351840 30614891
v 249612 -87351832 30614145
v 249615 -87352840 30614097
v 249603 -87353704 30614081
v 249574 -87356952 30611329
v 249595 -87361288 30607697
v 249599 -87362936 30607665
v 249598 -87363720 30607425
v 249600 -87364424 30606113
v 249601 -87368441 30602731
v 248456 -87368649 30602433
v 248454 -87378526 30598246
v 248445 -87378780 30598217
v 248444 -87382032 30597854
v 248457 -87386846 30597630
v 248458 -87392465 30599027
v 248452 -87394343 30599558
v 248453 -87399545 30600921
v 248702 -87400516 30601427
v 305 -87403807 30603649
v 187 -87408649 30607630
v 188 -87404198 30606552
v 311 -87399221 30610389
v 175 -87398285 30616451
v 176 -87397805 30618002
