v 90644 -74007100 40475298
v 86877 -74007106 40471428
v 85181 -74003521 40471896
v 85173 -73999183 40465707
v 84940 -73991582 40451007
v 84938 -73990482 40449807
v 84944 -73991682 40446508
v 84946 -73991882 40446008
v 90642 -73987882 40436608
v 90641 -73984482 40426508
v 85119 -73975582 40399508
v 85118 -73975082 40397109
v 85117 -73975033 40395849
v 85116 -73975882 40396009
v 85120 -73976154 40396077
v 85081 -73976282 40396109
v 85080 -73978182 40396409
v 84942 -73979582 40396509
v 84941 -73980282 40396509
v 85084 -73981682 40397009
v 85085 -73986982 40399409
v 85061 -73987482 40399709
v 85046 -73988910 40400362
v 84978 -73990282 40401208
v 84977 -73991782 40401908
v 84976 -73993282 40402208
v 84962 -73994182 40402408
v 84959 -73994848 40402539
v 85152 -73999182 40403708
v 85153 -74000182 40404408
v 85157 -74002887 40405387
v 86484 -74002900 40405389
v 86483 -74003373 40405363
v 86995 -74004074 40405391
v 86993 -74006312 40405624
v 86992 -74014483 40406508
v 86991 -74015483 40406308
v 87063 -74016183 40406208
v 86988 -74016483 40406108
v 86987 -74019983 40404808
v 86986 -74020883 40404308
v 86984 -74022583 40403808
v 87036 -74023975 40403341
v 87026 -74028522 40403324
v 87028 -74029220 40403457
v 86825 -74029870 40403746
v 87015 -74030305 40403918
v 87012 -74030783 40404108
v 87006 -74032083 40404908
v 86811 -74033083 40405508
v 86806 -74034638 40406381
v 86717 -74036183 40407308
v 86716 -74037783 40408308
v 86715 -74039683 40409408
v 86651 -74041083 40409709
v 86639 -74042694 40410060
v 86640 -74045731 40411374
v 86641 -74046584 40411708
v 86632 -74047584 40412008
v 86595 -74048384 40412308
v 86562 -74051484 40413308
v 86563 -74053384 40413608
v 86564 -74054784 40413908
v 86485 -74057584 40414308
v 86475 -74059284 40414108
v 86395 -74062295 40414839
v 86385 -74065184 40415508
v 86374 -74069484 40416208
v 86349 -74069884 40416308
v 86333 -74070284 40416408
v 86335 -74071184 40416508
v 86334 -74072084 40416708
v 85893 -74073984 40417108
v 85894 -74074536 40417208
v 85895 -74075205 40417330
v 91511 -74076184 40417508
v 86320 -74076984 40417608
v 86324 -74077885 40417708
v 86337 -74078685 40417908
v 86325 -74079585 40418008
v 85889 -74080385 40418208
v 85890 -74081285 40418308
v 86063 -74082085 40418408
v 86076 -74086346 40418900
v 86042 -74087285 40419008
v 85882 -74089785 40419608
v 85881 -74091285 40420208
v 82678 -74094585 40421308
v 82679 -74096985 40422308
v 85616 -74103085 40425808
v 85703 -74104185 40426508
v 85358 -74105671 40427264
v 85359 -74107385 40428407
v 85360 -74108156 40428829
v 85361 -74108832 40429229
v 85362 -74109496 40429659
v 85371 -74109585 40429707
v 85372 -74110185 40430107
v 85373 -74110885 40430507
v 85374 -74111585 40430907
v 83917 -74112324 40431453
v 83916 -74112409 40431516
v 83938 -74114301 40432530
v 85280 -74117819 40433977
v 85281 -74119886 40434107
v 85221 -74120986 40434207
v 85220 -74121772 40434308
v 90450 -74126886 40434707
v 90336 -74127986 40434807
v 90335 -74130086 40435107
v 90337 -74131262 40435251
v 89880 -74132414 40435385
v 89881 -74133701 40435512
v 89870 -74135086 40435707
v 89871 -74137886 40436207
v 89861 -74138986 40436507
v 89855 -74139841 40436736
v 89838 -74140986 40437007
v 89823 -74142486 40437307
v 89781 -74143486 40437507
v 88041 -74144486 40437707
v 88042 -74145380 40437814
v 89780 -74146665 40438063
v 89779 -74146887 40438106
v 89778 -74147779 40438196
v 89777 -74149886 40438407
v 89776 -74150786 40438407
v 89775 -74153487 40438307
v 89774 -74155187 40438207
v 87856 -74158187 40438107
v 87857 -74159187 40438007
v 89305 -74160100 40437990
v 89306 -74161787 40437907
v 89322 -74162964 40437887
v 89341 -74164164 40437820
v 89335 -74166787 40437707
v 89276 -74168887 40437607
v 89254 -74169266 40437580
v 89131 -74171926 40437442
v 89130 -74172238 40437442
v 89128 -74176349 40435709
v 89127 -74177289 40435130
v 88780 -74181287 40432807
v 88781 -74183441 40431505
v 88782 -74184987 40430707
v 88783 -74186661 40430057
v 88738 -74187587 40429707
v 88739 -74192424 40428056
v 88742 -74193294 40427686
v 88741 -74193788 40427507
v 88743 -74194488 40427307
v 88746 -74195381 40427055
v 88747 -74196188 40426807
v 88590 -74196888 40426607
v 88582 -74197488 40426407
v 88583 -74198173 40426235
v 88584 -74200360 40425934
v 88585 -74201785 40425740
v 88575 -74202633 40425728
v 88560 -74204067 40425799
v 88561 -74205408 40425822
v 88529 -74206388 40426807
v 88521 -74206788 40427107
v 88520 -74208788 40428007
v 88523 -74209588 40428107
v 88509 -74210288 40428207
v 88501 -74210674 40427998
v 88502 -74211688 40427407
v 88503 -74211888 40427307
v 88113 -74212807 40426575
v 88114 -74213388 40426007
v 88117 -74213769 40425654
v 88126 -74214151 40425298
v 88125 -74214507 40424952
v 88124 -74215058 40424488
v 88123 -74215788 40423907
v 88122 -74216388 40423307
v 88094 -74216688 40423007
v 88081 -74217988 40423807
v 88078 -74220488 40425307
v 88079 -74220663 40425424
v 88080 -74220788 40425507
v 87982 -74223088 40426807
v 87974 -74228989 40428507
v 87931 -74230389 40428507
v 87255 -74232289 40428707
v 87213 -74244889 40430607
v 76241 -74246989 40432007
v 76238 -74250689 40435707
v 76119 -74252189 40436607
v 76116 -74253489 40437507
v 75133 -74258789 40440207
v 75131 -74270490 40451206
v 75130 -74272490 40454006
v 75129 -74272890 40454406
v 75018 -74275490 40457606
v 75015 -74280090 40461606
v 74705 -74283990 40464106
v 74702 -74290671 40468070
v 74693 -74292891 40469806
v 74692 -74294491 40471306
v 74391 -74295291 40472006
v 74389 -74297391 40474006
v 74388 -74297591 40474406
v 74383 -74298946 40475836
v 63740 -74299391 40476305
v 63739 -74299963 40477449
v 74362 -74300229 40477982
v 74361 -74301891 40481305
v 76659 -74302545 40484634
v 74292 -74302738 40485619
v 74287 -74302991 40486905
v 74286 -74302191 40489305
v 74266 -74301091 40492805
v 72302 -74300791 40495005
v 72300 -74301291 40501205
v 72298 -74301291 40506205
v 72296 -74301091 40509005
v 72238 -74300991 40511705
v 72237 -74300991 40512205
v 72234 -74300891 40514605
v 72211 -74301191 40515705
v 72207 -74300791 40518805
v 72209 -74300691 40519405
v 72222 -74300091 40521105
v 72221 -74299991 40522005
v 72220 -74299891 40522405
v 72216 -74299891 40522605
v 72116 -74299291 40524705
v 72110 -74298691 40526004
v 72098 -74298391 40527004
v 72083 -74298191 40530904
v 72082 -74297891 40533404
v 72078 -74297791 40534004
v 72074 -74297591 40534504
v 72077 -74297491 40534904
v 72076 -74297391 40535404
v 72123 -74296591 40536804
v 72124 -74296191 40537404
v 78829 -74296021 40537617
v 72049 -74294855 40539140
v 72048 -74294391 40539604
v 72050 -74292491 40542204
v 72043 -74291991 40543704
v 72312 -74288591 40544704
v 72322 -74286391 40545304
v 72341 -74280190 40548104
v 72340 -74279490 40548604
v 72496 -74276690 40550204
v 69790 -74276590 40550404
v 69801 -74276290 40550404
v 69800 -74273490 40552304
v 69796 -74269990 40554304
v 69826 -74268090 40555704
v 69825 -74267690 40556104
v 70103 -74262290 40561104
v 58017 -74260190 40563104
v 58016 -74256813 40566850
v 70082 -74256551 40567140
v 70081 -74255330 40568494
v 70012 -74254690 40569204
v 70011 -74245089 40580204
v 70001 -74242133 40584570
v 70000 -74240689 40586704
v 69999 -74240489 40587104
v 70258 -74237389 40591804
v 70257 -74236389 40593504
v 70255 -74236289 40594004
v 70247 -74235906 40594502
v 70246 -74235289 40595303
v 70245 -74234989 40595703
v 70244 -74234889 40596203
v 70249 -74234389 40596803
v 70248 -74233689 40598003
v 70243 -74233062 40598709
v 70242 -74232467 40599145
v 121661 -74232036 40599371
v 121652 -74230489 40601303
v 121650 -74226489 40607903
v 121648 -74223989 40612003
v 121647 -74221389 40616503
v 132102 -74214089 40628403
v 132190 -74209389 40635403
v 132189 -74207789 40637603
v 132188 -74207589 40638103
v 132174 -74206489 40640003
v 132173 -74206289 40640203
v 132172 -74205789 40641103
v 132178 -74205689 40641303
v 132176 -74204989 40642203
v 132184 -74204189 40644103
v 132183 -74203589 40645503
v 132211 -74200889 40648903
v 132166 -74200589 40649203
v 132208 -74199089 40650203
v 132220 -74196989 40651503
v 132225 -74195989 40652003
v 132228 -74195089 40652402
v 131758 -74194329 40652766
v 131759 -74193664 40653159
v 131763 -74192741 40653684
v 131765 -74192091 40654047
v 131762 -74191244 40654479
v 131769 -74189688 40655402
v 131772 -74188988 40655902
v 131776 -74188312 40656766
v 131832 -74188072 40657087
v 131779 -74187840 40657506
v 131831 -74187188 40658502
v 131752 -74186588 40659202
v 131821 -74185488 40659902
v 131820 -74185688 40661002
v 129988 -74184088 40663102
v 131823 -74183388 40664102
v 131824 -74183088 40664502
v 131812 -74182288 40665302
v 131815 -74181788 40665802
v 131816 -74181488 40666102
v 131809 -74181088 40666702
v 131817 -74180188 40667602
v 131814 -74179599 40668233
v 131813 -74178788 40669102
v 131794 -74178188 40669802
v 49653 -74163088 40689702
v 49631 -74162588 40690402
v 49632 -74153030 40704656
v 49489 -74152950 40704790
v 49488 -74152443 40705637
v 49485 -74151754 40706604
v 49486 -74150301 40708812
v 49567 -74148654 40710284
v 49566 -74148391 40710492
v 49569 -74146630 40711531
v 49568 -74141588 40713202
v 49576 -74139387 40714601
v 49577 -74138287 40715201
v 49779 -74137654 40716236
v 49777 -74131987 40725501
v 49776 -74130787 40726801
v 49780 -74128687 40728301
v 49753 -74127387 40729201
v 49754 -74126387 40730001
v 49755 -74125087 40731601
v 49752 -74123887 40734101
v 49759 -74123687 40735101
v 49758 -74123387 40738201
v 49756 -74122987 40741201
v 49757 -74122787 40742101
v 53671 -74122287 40742701
v 53670 -74122087 40743301
v 53669 -74121987 40743701
v 53666 -74121887 40744401
v 53664 -74120487 40749601
v 52761 -74119987 40751501
v 52762 -74119787 40752201
v 52763 -74119687 40752401
v 52766 -74119387 40753501
v 52765 -74119187 40753801
v 52764 -74119087 40754201
v 50647 -74118787 40755201
v 50648 -74118587 40755901
v 50646 -74116787 40761101
v 50649 -74116287 40762301
v 27432 -74106386 40777000
v 27433 -74106379 40777008
v 27421 -74105286 40778200
v 27422 -74101386 40781000
v 27425 -74098686 40782700
v 27426 -74096686 40784100
v 27427 -74094786 40785300
v 27428 -74092986 40786400
v 27429 -74091086 40787700
v 27430 -74090786 40787900
v 27431 -74090586 40788000
v 28134 -74084286 40792000
v 28135 -74079622 40795132
v 28145 -74075257 40797970
v 28146 -74074685 40798300
v 28147 -74074185 40798500
v 28148 -74073585 40798900
v 28149 -74073285 40799200
v 28154 -74072285 40799900
v 28150 -74071485 40800500
v 28153 -74070885 40800900
v 28156 -74070685 40801100
v 28152 -74069485 40802000
v 28160 -74065585 40804800
v 27794 -74063585 40806300
v 27789 -74061685 40807700
v 28122 -74058685 40809900
v 28123 -74057985 40810400
v 28124 -74056785 40811300
v 28125 -74055485 40812200
v 28128 -74052585 40813800
v 28132 -74038084 40821100
v 28133 -74035684 40822200
v 28705 -74034084 40823000
v 28708 -74032584 40823800
v 28706 -74032284 40824100
v 28707 -74031884 40824400
v 28709 -74025384 40830200
v 28710 -74024684 40830800
v 28711 -74024384 40831300
v 28657 -74023684 40831900
v 28653 -74020384 40835400
v 28652 -74018684 40839200
v 28649 -74018384 40839700
v 28650 -74018174 40840330
v 28646 -74017984 40840900
v 28648 -74016984 40843100
v 28644 -74016583 40844000
v 28642 -74016283 40846000
v 28643 -74015283 40845500
v 28645 -74013483 40844600
v 28666 -74011483 40844300
v 28667 -74010883 40844300
v 28668 -74010283 40844300
v 28669 -74007183 40844000
v 28790 -74006341 40843870
v 28805 -74005883 40843800
v 28804 -74004983 40843600
v 28806 -74002883 40843300
v 24082 -74001683 40843000
v 24081 -73999383 40841900
v 24089 -73997583 40841600
v 24098 -73996783 40841600
v 24237 -73995883 40841800
v 24240 -73994383 40842500
v 24174 -73993083 40843900
v 24172 -73991883 40845000
v 24177 -73990383 40846500
v 24211 -73988683 40848300
v 24214 -73988083 40848900
v 24225 -73986583 40850300
v 24202 -73986083 40850700
v 24203 -73985383 40851500
v 24207 -73984783 40852399
v 24205 -73984783 40853499
v 24199 -73984382 40854099
v 24197 -73984182 40854699
v 24198 -73983982 40854999
v 24784 -73983382 40855499
v 24785 -73982882 40856099
v 24788 -73982382 40856599
v 23713 -73981282 40857599
v 23711 -73980482 40858099
v 23721 -73979582 40858399
v 23723 -73978882 40858499
v 23725 -73978482 40858499
v 23729 -73977682 40858599
v 23730 -73975682 40858499
v 23765 -73974982 40858299
v 23768 -73973782 40857599
v 23791 -73973182 40857399
v 24895 -73972482 40856899
v 24897 -73972082 40856599
v 24901 -73970682 40855799
v 25062 -73970082 40855499
v 25064 -73967682 40854799
v 25070 -73965082 40854299
v 25090 -73963582 40853900
v 25147 -73963182 40853800
v 25149 -73961782 40853600
v 24028 -73959882 40853200
v 25152 -73958882 40853000
v 34161 -73952019 40851645
v 187206 -73947003 40850744
v 187205 -73945499 40850401
v 187637 -73944657 40850230
v 187677 -73942946 40849912
v 187767 -73942664 40849878
v 187719 -73942274 40849827
v 187720 -73941906 40849744
v 187715 -73940606 40849476
v 187802 -73940238 40849441
v 187801 -73938852 40849107
v 187807 -73937314 40848773
v 187810 -73936059 40848307
v 187858 -73934825 40847842
v 187866 -73933419 40847261
v 190598 -73931948 40846696
v 190603 -73930607 40846131
v 190832 -73930087 40845981
v 187972 -73929589 40845831
v 187891 -73928627 40847162
v 187970 -73928300 40846969
v 134640 -73927206 40846679
v 134639 -73926706 40846379
v 134641 -73926506 40846279
v 134652 -73926006 40846079
v 134653 -73925606 40845979
v 134674 -73925206 40845779
v 134678 -73924306 40845379
v 134693 -73922406 40845379
v 134694 -73921106 40845279
v 134698 -73920006 40845179
v 134188 -73919151 40845179
v 134189 -73918154 40845179
v 134213 -73917409 40845179
v 134214 -73916999 40845168
v 134894 -73916606 40845179
v 134888 -73915250 40845179
v 134889 -73914206 40845179
v 134913 -73913506 40845179
v 134958 -73912005 40845179
v 134966 -73911105 40845179
v 134981 -73909205 40845179
v 134982 -73907305 40845079
v 134993 -73906405 40844979
v 135693 -73904805 40844779
v 135809 -73902505 40844579
v 135724 -73901205 40844479
v 135834 -73900959 40844397
v 135839 -73900605 40844379
v 135840 -73899405 40844279
v 135879 -73898505 40844279
v 135793 -73897205 40844179
v 135881 -73894605 40843779
v 136079 -73893612 40843765
v 136081 -73892543 40843750
v 134278 -73891436 40843361
v 134279 -73890205 40842979
v 136096 -73888005 40841779
v 135816 -73885905 40840679
v 135817 -73885405 40840579
v 136162 -73884705 40840279
v 136163 -73883605 40839679
v 136178 -73883205 40839279
v 136183 -73882505 40838779
v 136185 -73881505 40838079
v 136206 -73880405 40837579
v 136788 -73879905 40837479
v 136764 -73879489 40837350
v 136765 -73878559 40837118
v 139552 -73877368 40836852
v 136801 -73876004 40836579
v 136802 -73875004 40836479
v 136805 -73873504 40836379
v 137485 -73873404 40836879
v 136814 -73873204 40837879
v 137487 -73872904 40838379
v 139577 -73872833 40838611
v 137457 -73872504 40839679
v 137458 -73872404 40840679
v 137451 -73872104 40841579
v 137450 -73871936 40842796
v 137440 -73871704 40843779
v 137441 -73870904 40851468
v 137432 -73870904 40852379
v 137433 -73871173 40853008
v 137420 -73871404 40853779
v 137417 -73871504 40854279
v 137418 -73871604 40854679
v 137416 -73872004 40856079
v 137415 -73872104 40856479
v 137422 -73871304 40856679
v 137423 -73870604 40856779
v 137424 -73869928 40856929
v 137022 -73868404 40857279
v 137020 -73867904 40857979
v 136912 -73867403 40858740
v 137012 -73867296 40858787
v 137018 -73866704 40859479
v 137017 -73866284 40861455
v 137013 -73866204 40861779
v 137014 -73865504 40863179
v 136993 -73865204 40863379
v 137004 -73864204 40863879
v 137005 -73863304 40864478
v 137007 -73862204 40865278
v 137009 -73861904 40865478
v 137037 -73861304 40866078
v 137038 -73860504 40866778
v 137040 -73860304 40866978
v 137041 -73859204 40867878
v 137052 -73858304 40868678
v 136973 -73857204 40869578
v 136975 -73856204 40870478
v 136976 -73855604 40871178
v 137095 -73855304 40871678
v 137096 -73854104 40872778
v 137094 -73853504 40873278
v 137090 -73852704 40874078
v 137105 -73852004 40874478
v 137093 -73851904 40874578
v 137107 -73851304 40874978
v 133946 -73851004 40875278
v 133948 -73850504 40875478
v 133937 -73849604 40875978
v 133942 -73848804 40876278
v 133941 -73848004 40876478
v 133960 -73847204 40876778
v 133963 -73846203 40877078
v 133965 -73845303 40877378
v 133969 -73844603 40877878
v 133972 -73844003 40878378
v 133976 -73843203 40878978
v 133971 -73843003 40879078
v 133968 -73842503 40879378
v 133967 -73841503 40879978
v 133982 -73841003 40880178
v 133985 -73840303 40880578
v 133987 -73839503 40880778
v 133988 -73838603 40881178
v 134001 -73837603 40881478
v 134003 -73836703 40881778
v 134004 -73836303 40881978
v 133857 -73835903 40882378
v 133892 -73835130 40882958
v 133887 -73833903 40883878
v 133253 -73833303 40884135
v 133254 -73833203 40884178
v 133903 -73832203 40884478
v 133905 -73831203 40884678
v 133911 -73831023 40884718
v 139606 -73830453 40884845
v 133908 -73830303 40884878
v 134068 -73829403 40885178
v 134077 -73828003 40885878
v 134079 -73826903 40886278
v 134082 -73826103 40886578
v 134084 -73825303 40886978
v 134086 -73824403 40887378
v 134088 -73823703 40887678
v 134104 -73821303 40889078
v 134100 -73820603 40889478
v 134101 -73819903 40889978
v 134103 -73819603 40890178
v 253379 -73818478 40890899
v 253380 -73817978 40891099
v 253381 -73817178 40891499
v 253521 -73816278 40891799
v 253519 -73815978 40891899
v 253520 -73815678 40892099
v 253524 -73814978 40892399
v 253517 -73814778 40892499
v 253529 -73813277 40893099
v 253528 -73812377 40893399
v 253531 -73811177 40893899
v 253539 -73810277 40894299
v 253540 -73809377 40894599
v 253542 -73808377 40894999
v 253545 -73807377 40895399
v 253505 -73805777 40895999
v 253507 -73804877 40896399
v 253598 -73802077 40897399
v 253600 -73801077 40897699
v 253615 -73799777 40898299
v 253616 -73799077 40898599
v 253612 -73797977 40899199
v 253613 -73797235 40899529
v 253639 -73797077 40899599
v 253641 -73796077 40899999
v 253642 -73795677 40900699
v 253653 -73794477 40901899
v 253636 -73793977 40902399
v 253635 -73791877 40905499
v 253730 -73790377 40906799
v 253733 -73789577 40907299
v 253176 -73786677 40908699
v 253185 -73786465 40908959
v 253182 -73785377 40910299
v 253181 -73785277 40911199
v 253224 -73784377 40912799
v 253223 -73783777 40913399
v 253203 -73782477 40915099
v 253204 -73781977 40916099
v 253202 -73781777 40916399
v 253209 -73781077 40917099
v 253211 -73780576 40917599
v 253216 -73778676 40919099
v 254391 -73778376 40919399
v 254337 -73772076 40924699
v 254363 -73770718 40926047
v 254359 -73769476 40927599
v 254360 -73766376 40929099
v 254516 -73765576 40929499
v 254520 -73762387 40931433
v 254268 -73760076 40933498
v 254269 -73758235 40935225
v 254279 -73757676 40935598
v 254280 -73757649 40935622
v 261438 -73757008 40936192
v 254278 -73753176 40939598
v 254750 -73751431 40941507
v 255762 -73749476 40945498
v 255694 -73748976 40946498
v 255693 -73748375 40947398
v 255731 -73745375 40951798
v 255710 -73741875 40956998
v 255717 -73741175 40958048
v 255712 -73741075 40958198
v 255713 -73740313 40959657
v 255817 -73740175 40959898
v 255590 -73739775 40959898
v 255591 -73738575 40961098
v 255611 -73736675 40962098
v 255612 -73736075 40962198
v 255616 -73735375 40962298
v 255617 -73734775 40962598
v 255618 -73734075 40962698
v 255647 -73732975 40963098
v 255666 -73732382 40963433
v 255673 -73730675 40964398
v 255674 -73730210 40964617
v 255665 -73728674 40965342
v 256213 -73725175 40971313
v 256215 -73721776 40974215
v 256241 -73720143 40974688
v 256247 -73718221 40975009
v 256258 -73716405 40975138
v 256261 -73714070 40975093
v 256431 -73713035 40974947
v 256435 -73711843 40974772
v 256436 -73710665 40974636
v 256476 -73707173 40974299
v 256479 -73706174 40974398
v 256483 -73703774 40974598
v 256773 -73698973 40976598
v 256780 -73697573 40977598
v 256781 -73696973 40977998
v 256798 -73692273 40980897
v 256802 -73689373 40982997
v 256701 -73686373 40984697
v 256700 -73684273 40985897
v 256729 -73682473 40986497
v 256733 -73680272 40987297
v 256732 -73680272 40987697
v 256730 -73680172 40988097
v 256731 -73678272 40990697
v 256740 -73677972 40991097
v 256720 -73677572 40991497
v 256723 -73677272 40991997
v 256722 -73676872 40992497
v 256721 -73676572 40992997
v 257190 -73674515 40994294
v 257189 -73673672 40994997
v 257191 -73669272 40996597
v 257212 -73668374 40996967
v 257211 -73667572 40997297
v 257213 -73667072 40997397
v 257224 -73666272 40997597
v 257226 -73665272 40997797
v 257179 -73665172 40998197
v 257185 -73664972 40998697
v 257182 -73664072 41000297
v 260601 -73662672 41001497
v 260602 -73661772 41002497
v 260603 -73660872 41003497
v 260609 -73660172 41004297
v 260610 -73659472 41003897
v 260611 -73658145 41003273
v 5536 -73657771 41003097
v 5537 -73657371 41003097
v 5538 -73656771 41002697
v 5578 -73655971 41002397
v 5579 -73655071 41001797
v 5581 -73654471 41001697
v 5592 -73653071 41001897
v 5596 -73651571 41002097
v 5616 -73650071 41002497
v 4147 -73649371 41002497
v 5611 -73647171 41005397
v 5612 -73646071 41006397
v 5629 -73644171 41008097
v 5486 -73643971 41008397
v 5487 -73635571 41015597
v 5484 -73631370 41017697
v 5507 -73629670 41018297
v 5510 -73628870 41018297
v 5514 -73628370 41018297
v 5526 -73626370 41019597
v 1761 -73623870 41020197
v 1775 -73618870 41021797
v 1787 -73615570 41022797
v 1797 -73613470 41023597
v 1824 -73608470 41025697
v 1846 -73605669 41026497
v 1847 -73603169 41027297
v 1851 -73601869 41028097
v 60 -73601619 41028326
v 61 -73600669 41029197
v 71 -73600269 41029597
v 2160 -73598732 41031646
v 2158 -73597569 41033197
v 2159 -73596569 41034097
v 2162 -73595269 41034897
v 2163 -73593169 41035797
v 2164 -73591869 41036197
v 2075 -73590669 41036697
v 2073 -73586369 41038397
v 2081 -73583069 41039397
v 2087 -73581669 41039797
v 2129 -73578468 41040397
v 2130 -73577868 41040597
v 2131 -73577668 41040697
v 2139 -73575968 41041197
v 2144 -73574368 41041797
v 2143 -73574168 41041897
v 2418 -73573746 41042062
v 2399 -73571868 41042797
v 2410 -73571168 41043097
v 6371 -73570284 41043476
v 6372 -73569689 41043714
v 2446 -73566068 41044497
v 2447 -73564368 41044497
v 2451 -73563568 41044497
v 2452 -73563268 41044397
v 2453 -73560368 41044297
v 2568 -73557968 41043997
v 2574 -73554767 41043697
v 2635 -73553167 41043797
v 2651 -73551904 41044072
v 2650 -73550867 41044297
v 2658 -73549867 41044497
v 3043 -73546567 41045472
v 3042 -73545467 41045797
v 3062 -73544867 41046097
v 3060 -73544067 41046197
v 3059 -73542467 41046696
v 3058 -73542567 41046896
v 3057 -73542467 41047596
v 3056 -73542567 41048296
v 3008 -73542367 41048896
v 3004 -73541767 41050196
v 1538 -73541567 41051496
v 1539 -73541667 41052296
v 2966 -73542167 41052796
v 2968 -73542667 41054096
v 2967 -73542767 41054896
v 2951 -73542467 41054996
v 2949 -73542867 41056996
v 2942 -73542867 41057996
v 2941 -73543067 41059696
v 2936 -73543267 41060696
v 2935 -73543267 41061596
v 1323 -73543467 41062396
v 1019 -73547767 41065596
v 1020 -73548595 41066045
v 6380 -73550524 41067092
v 1011 -73551268 41067496
v 997 -73552068 41068396
v 996 -73552768 41068996
v 995 -73552368 41069996
v 994 -73552144 41070144
v 998 -73551968 41070296
v 1000 -73550968 41071196
v 952 -73549468 41072096
v 1002 -73548368 41072396
v 962 -73547968 41073496
v 960 -73548968 41076496
v 959 -73549068 41076796
v 958 -73549168 41077096
v 957 -73549168 41077596
v 955 -73549168 41078596
v 953 -73548568 41081196
v 956 -73546568 41081096
v 1235 -73543567 41081596
v 1240 -73543183 41082224
v 1241 -73542067 41082396
v 1269 -73539467 41082096
v 1277 -73538367 41082396
v 1273 -73536967 41082496
v 1276 -73535367 41082596
v 1356 -73534167 41082596
v 1357 -73532967 41082396
v 1358 -73532967 41083196
v 1363 -73531567 41083296
