v 316378 -108308847 37196391
v 316370 -108308761 37195796
v 316369 -108308707 37167539
v 316372 -108308728 37163143
v 316371 -108308765 37155778
v 316383 -108308752 37153171
v 316396 -108308749 37152708
v 316397 -108308746 37151990
v 316374 -108308741 37151046
v 316373 -108308737 37150012
v 316389 -108317409 37137755
v 316376 -108318357 37136410
v 316375 -108318655 37135987
v 316392 -108319984 37133605
v 316636 -108324677 37119670
v 316638 -108326448 37110495
v 316640 -108326697 37109740
v 316639 -108326762 37109374
v 316647 -108332439 37093025
v 316642 -108333461 37087780
v 316641 -108336583 37083128
v 316644 -108339067 37081274
v 316643 -108339810 37081457
v 316624 -108411716 37098525
v 316623 -108427713 37098185
v 316625 -108466092 37099083
v 316622 -108467877 37098710
v 316600 -108500643 37070699
v 316565 -108523215 37066336
v 316563 -108526166 37067242
v 316568 -108541844 37062967
v 316569 -108552149 37063120
v 316566 -108552781 37063197
v 316570 -108572482 37056653
v 316571 -108596834 37058352
v 316539 -108625647 37066065
v 316538 -108632631 37066005
v 316496 -108651747 37063925
v 316495 -108656709 37063307
v 316497 -108662449 37062004
v 316540 -108691118 37056017
v 316503 -108691627 37056090
v 316502 -108706567 37060839
v 316498 -108707367 37061320
v 316499 -108707847 37061847
v 316536 -108723123 37088161
v 316537 -108723322 37088231
v 316534 -108729556 37089136
v 316491 -108732912 37089325
v 316492 -108732863 37089710
v 316480 -108724837 37111984
v 316479 -108722981 37116310
v 316139 -108715308 37141235
v 316131 -108706563 37149521
v 316127 -108704763 37152748
v 316128 -108704313 37154045
v 316166 -108703255 37157085
v 316114 -108701791 37160895
v 316112 -108701476 37161605
v 316113 -108701219 37162273
v 316163 -108697364 37172302
v 316164 -108693724 37181679
v 317273 -108693471 37182331
v 316107 -108692483 37184876
v 316108 -108692011 37186092
v 316089 -108690697 37189479
v 316084 -108687722 37197191
v 316077 -108687550 37197786
v 316079 -108686785 37199721
v 315215 -108686589 37200217
v 315216 -108686148 37201333
v 316055 -108685077 37204128
v 316019 -108684632 37205292
v 316020 -108684027 37206820
v 316181 -108683911 37207114
v 315993 -108682428 37210555
v 315990 -108680368 37213736
v 315988 -108677934 37216527
v 315989 -108677703 37216810
v 316153 -108677014 37217656
v 316154 -108676794 37217925
v 315987 -108676703 37218038
v 315983 -108670464 37224902
v 315980 -108667315 37228425
v 315979 -108663879 37232384
v 315974 -108657723 37239270
v 315976 -108656981 37240101
v 316873 -108652818 37244762
v 316869 -108650297 37247585
v 313022 -108647406 37250848
v 313023 -108646071 37252386
v 314353 -108645734 37252778
v 314350 -108644754 37253919
v 314352 -108644525 37254148
v 314349 -108642261 37257831
v 313019 -108641564 37259000
v 313020 -108635811 37268652
v 314338 -108632551 37274185
v 314335 -108631396 37276088
v 314336 -108627960 37281887
v 314328 -108627181 37283202
v 314329 -108625260 37286102
v 315312 -108624130 37288031
v 313017 -108622208 37291317
v 313018 -108621674 37292230
v 315004 -108618573 37297534
v 314997 -108616295 37301069
v 313013 -108616202 37301230
v 313014 -108614183 37304716
v 314995 -108613995 37305041
v 314996 -108613580 37305693
v 315115 -108612931 37306716
v 315114 -108612789 37306941
v 314989 -108611992 37308200
v 314982 -108609616 37312320
v 314983 -108609419 37316258
v 314970 -108609418 37316462
v 314971 -108609419 37318373
v 315105 -108609419 37318587
v 315305 -108609419 37318668
v 314967 -108609420 37319254
v 314968 -108609353 37320951
v 315076 -108609096 37322392
v 315207 -108608761 37323782
v 315208 -108608080 37325807
v 315203 -108607977 37326096
v 315204 -108607733 37326782
v 314950 -108606732 37329711
v 314951 -108605565 37331471
v 315199 -108604149 37333435
v 314942 -108602551 37335593
v 314920 -108600833 37338088
v 314907 -108600031 37339187
v 314886 -108598427 37341361
v 314422 -108598278 37341524
v 314423 -108597915 37341997
v 314438 -108597081 37343238
v 314856 -108596567 37343992
v 314826 -108595820 37345092
v 314814 -108595448 37345527
v 314778 -108594272 37347174
v 314712 -108592525 37349738
v 314662 -108591092 37351729
v 314656 -108590892 37352003
v 314640 -108590290 37352827
v 314614 -108589574 37353972
v 314615 -108589266 37354867
v 314593 -108589173 37355139
v 314596 -108587826 37355116
v 314598 -108586951 37355132
v 314595 -108586536 37355139
v 314592 -108585303 37355162
v 314586 -108583899 37355208
v 314575 -108583927 37356078
v 314569 -108583024 37356087
v 314576 -108582609 37356078
v 314579 -108582022 37356078
v 314577 -108581204 37356078
v 314578 -108578960 37356111
v 314568 -108575041 37356170
v 314566 -108572634 37356216
v 314567 -108568790 37356285
v 315163 -108567779 37356304
v 314563 -108567589 37356307
v 314564 -108566557 37356307
v 314565 -108564629 37356307
v 314562 -108563546 37356307
v 314532 -108563116 37357337
v 314526 -108562629 37357772
v 314527 -108562100 37358298
v 314510 -108560221 37359167
v 314506 -108558988 37359442
v 314502 -108557526 37359465
v 314504 -108556093 37359465
v 314505 -108554516 37359464
v 314497 -108554488 37359853
v 314480 -108554516 37361455
v 314471 -108554544 37363011
v 314472 -108554521 37364197
v 314457 -108554486 37366055
v 314442 -108554515 37367450
v 314443 -108554507 37368306
v 314424 -108554485 37371089
v 314421 -108554402 37373861
v 314418 -108554427 37374384
v 314419 -108554421 37374676
v 313456 -108554413 37375807
v 313291 -108554404 37378267
v 313292 -108554417 37381626
v 313455 -108554420 37382472
v 313268 -108554432 37385703
v 313269 -108554437 37388576
v 317120 -108554445 37393093
v 317119 -108554448 37394781
v 313240 -108554458 37400394
v 313241 -108554449 37404138
v 313381 -108554446 37405221
v 313382 -108554440 37407651
v 313389 -108554431 37411395
v 313218 -108554284 37413437
v 313220 -108553568 37414851
v 316755 -108551091 37417680
v 313466 -108549366 37419619
v 313467 -108548212 37420916
v 317023 -108548137 37421001
v 317022 -108547618 37421586
v 313463 -108546910 37422383
v 313464 -108545624 37423939
v 313202 -108543696 37426501
v 313203 -108543135 37427208
v 317024 -108543025 37427417
v 317025 -108542378 37428641
v 313195 -108542203 37428972
v 313191 -108541082 37433686
v 313192 -108540923 37435436
v 313444 -108539209 37441989
v 313386 -108539035 37442533
v 313387 -108538716 37443493
v 316698 -108536265 37449509
v 313187 -108535756 37450523
v 313188 -108534728 37452818
v 316470 -108534609 37454539
v 313343 -108534773 37455623
v 313162 -108535104 37456451
v 313163 -108535231 37457145
v 317006 -108536499 37460122
v 313140 -108536910 37461623
v 313139 -108535991 37462675
v 313135 -108533982 37463521
v 313136 -108533220 37463707
v 313233 -108530391 37464054
v 313399 -108526713 37464458
v 313431 -108526520 37464479
v 313121 -108521064 37465050
v 313122 -108514995 37468569
v 313371 -108511183 37471192
v 313436 -108509351 37472039
v 313105 -108508685 37472229
v 313098 -108508226 37472389
v 313099 -108507575 37472532
v 313096 -108506876 37472686
v 313097 -108506324 37472793
v 313313 -108506222 37472813
v 313089 -108505584 37472937
v 313090 -108504864 37473056
v 313088 -108504206 37473165
v 312723 -108503738 37473241
v 313086 -108502856 37473393
v 313087 -108502268 37473497
v 313082 -108501564 37473621
v 313083 -108500873 37473735
v 313528 -108500125 37473830
v 313324 -108499310 37473975
v 313527 -108498833 37474060
v 313325 -108498227 37474167
v 313326 -108497541 37474289
v 313526 -108495283 37474672
v 313705 -108494798 37474754
v 313706 -108492064 37475219
v 313707 -108491454 37475323
v 316793 -108490241 37475557
v 313522 -108489532 37475711
v 313519 -108489331 37475734
v 313521 -108488419 37475912
v 313509 -108488040 37475986
v 313510 -108487599 37476072
v 313503 -108487207 37476148
v 313504 -108486636 37476243
v 313725 -108485837 37476376
v 313726 -108485428 37476445
v 316795 -108485333 37476461
v 316799 -108485229 37476478
v 316801 -108485076 37476504
v 313808 -108484948 37476525
v 313809 -108484868 37476539
v 313720 -108484796 37476551
v 313721 -108484717 37476564
v 313804 -108484655 37476574
v 313717 -108483750 37476726
v 313713 -108482644 37476912
v 313714 -108481988 37477023
v 313710 -108481764 37477060
v 313711 -108480960 37477195
v 313704 -108480434 37477284
v 313699 -108472709 37477387
v 313693 -108465204 37476904
v 313652 -108463045 37476782
v 313653 -108458733 37476538
v 313698 -108456703 37476423
v 313655 -108449765 37476032
v 313656 -108436677 37475238
v 313647 -108418876 37488625
v 313648 -108414530 37491591
v 312459 -108399547 37503151
v 312461 -108383648 37527146
v 312501 -108380553 37536732
v 312502 -108379097 37547401
v 312425 -108378659 37549955
v 312427 -108370337 37566090
v 312524 -108370316 37566392
v 317048 -108368708 37569639
v 312549 -108367569 37571276
v 312514 -108358536 37588219
v 312515 -108356740 37588557
v 312565 -108356106 37588676
v 316766 -108350177 37589790
v 316767 -108348093 37590181
v 312510 -108346432 37590556
v 312517 -108337755 37587898
v 312516 -108321791 37589207
v 312561 -108321551 37589224
v 312570 -108320724 37589283
v 312512 -108320153 37589324
v 317074 -108311337 37589972
v 312548 -108298167 37582112
v 312547 -108293416 37577171
v 312521 -108288631 37572251
v 312520 -108261545 37570071
v 312523 -108261155 37570061
v 312560 -108261046 37570058
v 312574 -108187846 37576008
v 312583 -108187450 37575833
v 312667 -108171300 37582288
v 312580 -108163181 37584927
v 312581 -108162571 37585288
v 312636 -108149283 37588409
v 312635 -108134571 37593725
v 312687 -108121326 37593659
v 312683 -108112379 37600616
v 312684 -108090408 37609978
v 312713 -108086018 37612380
v 312681 -108068560 37621440
v 312682 -108068005 37621836
v 312712 -108067650 37622551
v 311846 -108064923 37635643
v 311847 -108064239 37636619
v 311841 -108059277 37638649
v 113324 -108058218 37639094
v 113318 -108051805 37642063
v 113316 -108044592 37653334
v 113300 -108044055 37653700
v 113301 -108036179 37669246
v 113315 -108036173 37669484
v 113340 -108035599 37676036
v 113322 -108034507 37678248
v 113323 -108034258 37679109
v 113351 -108033591 37683099
v 113344 -108032007 37687417
v 113350 -108031596 37688122
v 113358 -108031535 37688241
v 113438 -108031266 37688686
v 113275 -108031253 37689665
v 113274 -108031240 37691237
v 113270 -108031232 37691408
v 113267 -108031223 37692781
v 113261 -108031206 37694286
v 113263 -108031199 37694350
v 113251 -108031193 37694605
v 113252 -108031190 37694770
v 113249 -108031183 37695070
v 113250 -108031142 37696886
v 113361 -108031136 37697039
v 113362 -108031132 37697145
v 113310 -108031120 37697622
v 113311 -108031208 37698169
v 113231 -108031948 37702124
v 113233 -108032927 37704174
v 113217 -108034535 37712943
v 113218 -108034613 37713120
v 113209 -108034216 37715048
v 113210 -108029533 37729316
v 112725 -108009325 37752184
v 111827 -107999892 37760406
v 111820 -107988636 37768808
v 111821 -107981469 37772420
v 111814 -107981204 37772448
v 111815 -107956988 37779481
v 111825 -107954568 37780382
v 111829 -107944996 37779873
v 111830 -107944233 37786959
v 111822 -107943842 37788486
v 111808 -107936738 37795880
v 111810 -107932630 37796835
v 111824 -107908540 37810815
v 393784 -107908329 37811140
v 393782 -107905771 37813171
v 393783 -107899705 37818130
v 393779 -107894634 37826779
v 393774 -107888429 37832678
v 393775 -107886773 37839687
v 393819 -107884167 37843681
v 393789 -107882987 37846587
v 393790 -107883141 37848072
v 393814 -107884880 37855988
v 393800 -107883046 37858661
v 393801 -107870454 37859894
v 393866 -107869092 37859961
v 393864 -107868751 37860009
v 396978 -107859595 37858485
v 393863 -107852010 37858639
v 393851 -107837531 37857757
v 393850 -107836907 37857682
v 393867 -107835700 37857537
v 393882 -107835546 37857518
v 396979 -107835340 37857493
v 393834 -107834934 37857445
v 393833 -107834675 37857414
v 393838 -107833769 37857311
v 393871 -107833239 37856707
v 393839 -107832234 37856623
v 393759 -107831550 37856572
v 393151 -107830737 37856505
v 393150 -107829731 37856446
v 393156 -107828616 37856380
v 393155 -107827497 37856314
v 393841 -107826439 37856251
v 393214 -107826248 37856231
v 396964 -107825418 37856633
v 393234 -107825348 37856889
v 393230 -107825327 37857045
v 393231 -107824157 37857245
v 393721 -107823080 37857518
v 393719 -107822585 37857646
v 393720 -107812545 37858150
v 393878 -107787036 37855919
v 392766 -107779297 37850968
v 392764 -107769732 37849810
v 392756 -107768838 37847095
v 392755 -107735201 37846680
v 392635 -107726877 37851161
v 392636 -107725988 37850640
v 392780 -107724845 37848011
v 392805 -107707519 37820100
v 392804 -107701555 37817774
v 392874 -107678139 37808166
v 392687 -107672981 37810990
v 392686 -107670352 37813244
v 392831 -107669029 37813684
v 392917 -107666920 37814914
v 392979 -107666787 37815133
v 392980 -107665828 37816056
v 392981 -107665653 37816105
v 392962 -107664440 37815874
v 392963 -107664440 37815485
v 393120 -107664390 37815440
v 392816 -107663950 37815051
v 392819 -107662969 37814639
v 392822 -107662162 37814249
v 392823 -107661724 37814707
v 392913 -107661608 37814830
v 392818 -107661441 37815004
v 392812 -107661037 37815416
v 392813 -107660720 37815530
v 392811 -107660229 37815485
v 392809 -107659076 37815782
v 392810 -107657686 37816477
v 392768 -107652061 37817611
v 392769 -107651661 37817765
v 392799 -107650914 37817999
v 392800 -107643933 37821616
v 392790 -107642288 37822046
v 392791 -107641116 37822490
v 392787 -107636317 37824171
v 392788 -107634486 37825387
v 392909 -107630029 37827458
v 392784 -107629537 37827600
v 392785 -107598390 37835077
v 393010 -107597618 37835177
v 393043 -107596008 37835293
v 393011 -107595223 37835326
v 393001 -107594876 37835341
v 393002 -107594266 37836498
v 393020 -107591974 37838005
v 393021 -107586724 37843596
v 393022 -107580456 37847425
v 393023 -107578087 37849678
v 393012 -107573143 37854558
v 392995 -107572639 37855114
v 392996 -107568974 37862023
v 392990 -107568774 37862916
v 392991 -107568347 37864428
v 393024 -107565382 37870930
v 392707 -107565127 37879048
v 392706 -107565949 37879317
v 392680 -107564729 37884570
v 392681 -107564322 37884936
v 392701 -107555959 37911431
v 392675 -107557799 37915686
v 392673 -107558030 37916441
v 392674 -107558261 37917196
v 392700 -107558261 37917883
v 392669 -107558261 37918683
v 392670 -107563076 37925837
v 392665 -107563720 37927011
v 392662 -107565308 37929687
v 392664 -107572052 37937824
v 392738 -107573353 37940816
v 392694 -107573197 37949355
v 392655 -107573862 37949843
v 392653 -107573978 37951032
v 392654 -107574213 37951997
v 392650 -107575510 37957736
v 392651 -107575533 37961369
v 392645 -107574760 37963410
v 339045 -107571873 37965012
v 339042 -107571480 37965285
v 196508 -107569791 37965996
v 196478 -107553636 37966019
v 196479 -107546729 37972585
v 196501 -107549359 37974828
v 196504 -107537947 37975326
v 196474 -107536759 37976146
v 196503 -107492717 37981531
v 196169 -107473356 38000406
v 196170 -107469738 38004594
v 196180 -107466396 38007051
v 196166 -107466362 38007344
v 196167 -107435547 38012797
v 196179 -107414889 38020251
v 196177 -107400824 38020592
v 196178 -107400522 38020491
v 196176 -107400339 38020430
v 196175 -107385886 38020900
v 196197 -107377182 38020533
v 196306 -107359162 38019752
v 196301 -107335351 38019882
v 196303 -107319988 38026530
v 196415 -107319399 38026840
v 196284 -107319299 38026863
v 196285 -107318287 38026657
v 196280 -107317795 38027710
v 196271 -107317217 38028877
v 196262 -107316581 38030158
v 196250 -107315973 38031394
v 196244 -107315424 38032561
v 196245 -107315272 38032874
v 197008 -107315057 38033316
v 196235 -107314845 38033751
v 196238 -107313630 38033453
v 196228 -107313081 38034483
v 196232 -107311692 38034254
v 196233 -107310370 38034928
v 196226 -107310101 38034986
v 196227 -107310101 38035055
v 196787 -107309629 38035757
v 196412 -107309257 38036203
v 196413 -107308752 38036658
v 197052 -107308249 38037091
v 197031 -107308106 38037247
v 197032 -107307516 38037891
v 196220 -107307381 38038167
v 196221 -107306763 38038740
v 196218 -107306051 38039563
v 196219 -107304749 38041736
v 197158 -107305269 38043292
v 196213 -107305356 38044322
v 196214 -107305264 38045479
v 197024 -107304444 38047977
v 196209 -107301912 38051484
v 196210 -107302375 38055579
v 196207 -107302809 38055968
v 196205 -107303127 38060499
v 196206 -107301448 38066026
v 196343 -107299377 38071923
v 196344 -107296621 38080959
v 196203 -107292527 38093287
v 196204 -107292704 38094798
v 196201 -107291599 38101021
v 196198 -107293828 38106032
v 196199 -107293833 38115141
v 196132 -107291560 38125499
v 196131 -107290806 38126051
v 196126 -107291066 38129346
v 196127 -107295813 38144412
v 191300 -107296517 38147123
v 191266 -107297116 38151427
v 191263 -107296187 38161060
v 191264 -107295932 38163273
v 191260 -107295867 38165865
v 191261 -107294332 38171544
v 191254 -107293082 38177580
v 191255 -107291889 38179082
v 191249 -107289864 38180737
v 191200 -107283978 38186731
v 191248 -107280961 38197386
v 191240 -107281074 38197919
v 191241 -107281019 38198881
v 191271 -107280536 38202198
v 191237 -107280260 38203662
v 191239 -107280579 38203754
v 191279 -107268440 38239215
v 191223 -107265624 38242052
v 191224 -107261214 38245765
v 191220 -107258775 38246192
v 190911 -107249536 38254149
v 190819 -107248495 38255314
v 190821 -107247036 38257990
v 190840 -107238563 38270625
v 190906 -107232374 38282273
v 190792 -107229621 38284404
v 190790 -107228750 38285159
v 190774 -107221584 38294086
v 190777 -107219067 38293652
v 190776 -107218564 38293583
v 190810 -107200186 38290063
v 190809 -107184566 38271804
v 190811 -107184050 38271855
v 190796 -107176584 38280590
v 190797 -107174319 38280888
v 190802 -107167410 38280269
v 190793 -107161865 38282899
v 190794 -107158239 38284754
v 190787 -107155622 38285804
v 190788 -107146703 38287935
v 190784 -107139683 38287423
v 191033 -107124591 38284050
v 191034 -107122298 38283846
v 191028 -107117293 38284612
v 191029 -107114476 38290655
v 191030 -107111678 38292615
v 191031 -107110421 38293720
v 191019 -107096293 38298065
v 191021 -107098231 38316439
v 191007 -107098249 38319071
v 191008 -107102118 38325858
v 191002 -107102930 38326827
v 190994 -107102786 38329252
v 190995 -107103177 38331828
v 191093 -107103270 38332127
v 190976 -107101892 38340145
v 190970 -107100672 38343143
v 190934 -107094808 38351451
v 190936 -107094654 38352333
v 190928 -107089609 38358111
v 190916 -107083276 38363055
v 190917 -107079733 38370172
v 190153 -107068011 38384617
v 190152 -107067002 38384584
v 190065 -107067812 38385703
v 190063 -107064411 38387579
v 190056 -107059846 38393963
v 190058 -107053536 38395725
v 190055 -107052820 38396300
v 190151 -107055423 38435291
v 190121 -107055636 38436130
v 190106 -107056700 38446613
v 190012 -107056556 38446867
v 189993 -107063075 38471900
v 189987 -107065695 38475287
v 189988 -107062667 38478308
v 190103 -107059215 38487133
v 190104 -107059096 38487821
v 190130 -107059055 38488064
v 190088 -107058974 38488543
v 189968 -107058768 38489748
v 189969 -107031523 38494602
v 190183 -107031230 38494787
v 190188 -107026199 38501466
v 192885 -107027031 38504991
v 192822 -107025214 38509620
v 192824 -107022764 38512485
v 192906 -107018235 38516381
v 192907 -107018176 38516392
v 192889 -107017901 38516445
v 192887 -107017786 38516467
v 192888 -106995945 38521440
v 194706 -106990237 38522426
v 194707 -106980002 38522331
v 194703 -106977394 38522281
v 194860 -106972135 38524046
v 194861 -106971918 38524131
v 194688 -106968188 38525592
v 194689 -106967093 38526045
v 194993 -106963747 38527430
v 194995 -106962990 38527743
v 194996 -106960661 38528707
v 194937 -106959483 38529195
v 194936 -106958971 38529408
v 194783 -106958343 38529669
v 194784 -106957297 38530090
v 194933 -106952553 38532001
v 194814 -106952094 38532186
v 194815 -106950376 38532878
v 194928 -106950215 38532938
v 194816 -106949195 38533273
v 194785 -106947828 38533720
v 194786 -106947464 38533964
v 194954 -106945842 38534699
v 194955 -106944969 38535028
v 194956 -106941369 38536735
v 194627 -106940428 38537657
v 194610 -106939992 38538641
v 194598 -106939759 38539442
v 194600 -106939321 38540933
v 195011 -106939072 38541780
v 194545 -106938739 38542920
v 194506 -106937485 38544133
v 194507 -106936232 38544179
v 194509 -106935526 38544190
v 194508 -106934834 38544201
v 194510 -106934376 38544201
v 194482 -106934294 38545277
v 194480 -106933581 38545277
v 194481 -106933548 38545920
v 194460 -106933523 38546421
v 194462 -106932941 38546421
v 194461 -106932211 38546421
v 194447 -106932211 38547405
v 190661 -106932153 38548549
v 190469 -106932036 38549693
v 190467 -106931920 38550815
v 194402 -106931774 38551890
v 194403 -106930812 38551890
v 194399 -106930725 38553034
v 194400 -106929559 38553034
v 194396 -106929530 38553858
v 194394 -106929559 38554888
v 194395 -106927024 38554910
v 189100 -106926945 38557486
v 189101 -106926907 38558709
v 194374 -106926918 38558995
v 194369 -106926965 38560196
v 194370 -106926965 38560292
v 189098 -106926965 38560357
v 189099 -106926965 38560528
v 194966 -106926965 38561198
v 189094 -106926965 38561344
v 189095 -106926948 38561460
v 194365 -106924633 38564224
v 194362 -106922476 38566168
v 194363 -106922345 38566498
v 190087 -106922184 38566901
v 190089 -106922177 38567031
v 190090 -106922125 38570523
v 195043 -106922124 38571415
v 195074 -106922124 38572140
v 196085 -106922124 38573474
v 195072 -106922124 38573652
v 195073 -106922124 38573765
v 195070 -106922124 38577118
v 195068 -106922124 38577352
v 195067 -106922124 38578481
v 190098 -106922124 38578981
v 190099 -106922124 38579097
v 194350 -106922123 38580435
v 189945 -106922123 38580909
v 189946 -106922123 38581683
v 194346 -106922153 38582295
v 194343 -106922182 38582850
v 189936 -106922176 38583173
v 189937 -106922161 38583986
v 194802 -106922158 38584198
v 194334 -106922123 38586123
v 194324 -106921831 38588182
v 194316 -106917574 38591408
v 189893 -106911062 38595426
v 189894 -106910700 38595665
v 189890 -106905907 38598934
v 189891 -106901575 38604278
v 194296 -106892306 38611339
v 194292 -106890298 38612706
v 194293 -106888596 38613531
v 194888 -106888124 38613799
v 194777 -106885893 38614924
v 194775 -106883325 38616800
v 194778 -106881509 38617851
v 195772 -106876789 38621190
v 194110 -106874691 38629376
v 194080 -106873306 38631543
v 194067 -106869199 38638524
v 194068 -106867107 38641663
v 194111 -106866926 38643605
v 194112 -106866904 38644829
v 194118 -106866882 38644951
v 194123 -106857771 38654235
v 194124 -106855203 38657055
v 193798 -106848797 38660987
v 195810 -106848062 38662423
v 194109 -106847478 38663880
v 194033 -106847066 38664460
v 194086 -106846464 38664746
v 194029 -106846248 38664849
v 194031 -106845840 38664758
v 194036 -106845472 38664540
v 194035 -106844555 38664163
v 194037 -106843417 38664140
v 194038 -106841690 38664612
v 194108 -106826296 38677944
v 194107 -106826396 38686775
v 194105 -106804277 38707739
v 194106 -106803340 38710874
v 194019 -106793933 38717715
v 194016 -106789522 38718264
v 194017 -106783503 38721013
v 194101 -106782598 38720871
v 194097 -106778888 38720001
v 194098 -106778493 38720056
v 194134 -106777564 38720419
v 194013 -106775499 38723135
v 194014 -106775345 38723189
v 194012 -106773921 38723615
v 194007 -106769480 38725879
v 194008 -106764630 38727387
v 194004 -106764279 38727387
v 194085 -106763544 38727177
v 194006 -106761358 38726723
v 194003 -106755367 38729649
v 194002 -106753701 38730518
v 194178 -106747015 38730012
v 194175 -106745789 38730608
v 194176 -106737735 38735088
v 194180 -106714088 38745544
v 194171 -106711526 38745564
v 194169 -106708808 38745565
v 194168 -106707581 38745634
v 193676 -106704191 38746985
v 193675 -106697113 38750308
v 193677 -106695519 38749809
v 194167 -106695250 38749681
v 193665 -106693699 38749993
v 193666 -106692125 38750272
v 193670 -106681557 38758064
v 193660 -106680839 38758297
v 193659 -106663740 38761018
v 193658 -106661694 38761910
v 193657 -106661138 38762208
v 193656 -106660203 38762734
v 193654 -106644709 38767672
v 193653 -106642371 38767397
v 193655 -106641845 38767305
v 193652 -106638191 38768310
v 193651 -106637752 38768470
v 193650 -106636639 38772200
v 193648 -106632747 38776615
v 193647 -106628596 38776201
v 193649 -106628017 38776433
v 193645 -106627514 38776635
v 193644 -106627338 38777070
v 193642 -106630346 38782106
v 193643 -106628418 38802645
v 193669 -106621397 38809213
v 193767 -106612368 38814247
v 193768 -106611752 38814520
v 193721 -106581455 38820380
v 193726 -106577506 38820793
v 193771 -106576820 38820762
v 193734 -106575910 38820706
v 193732 -106561008 38817842
v 193733 -106560671 38818140
v 193720 -106558112 38820405
v 193737 -106541882 38819715
v 193735 -106530001 38817793
v 193736 -106529463 38819746
v 193786 -106528541 38820012
v 193723 -106527133 38820356
v 193724 -106527148 38820455
v 193713 -106522420 38827585
v 193712 -106519346 38829666
v 193705 -106501401 38842223
v 193707 -106488299 38845431
v 193802 -106484846 38845204
v 193803 -106482211 38844976
v 193800 -106470009 38846399
v 193804 -106450519 38844687
v 193863 -106418723 38835974
v 193864 -106419233 38834528
v 193880 -106413530 38840593
v 67732 -106409244 38827933
v 67731 -106406604 38819602
v 67739 -106400521 38815938
v 67742 -106390069 38810010
v 67736 -106388591 38808863
v 67735 -106387832 38807421
v 67733 -106389382 38807788
v 67737 -106384149 38804559
v 67757 -106374386 38804378
v 67773 -106365259 38808792
v 67774 -106333682 38814925
v 67749 -106326803 38813649
v 67748 -106323345 38812671
v 67751 -106321987 38812239
v 67750 -106316354 38812260
v 67746 -106289091 38814203
v 67747 -106278253 38813348
v 66610 -106276922 38814178
v 66609 -106272305 38813987
v 66629 -106264116 38812430
v 67263 -106262433 38811214
v 67783 -106254446 38807728
v 68157 -106246456 38805723
v 68158 -106225287 38812827
v 68280 -106223462 38812495
v 68144 -106222299 38812415
v 68142 -106216653 38812531
v 68143 -106211564 38812246
v 68289 -106210803 38812258
v 68282 -106208943 38812664
v 68283 -106208591 38812780
v 68140 -106202789 38814616
v 68141 -106202737 38814683
v 68138 -106201385 38815280
v 68136 -106197875 38816562
v 68137 -106196822 38816974
v 68246 -106190561 38819848
v 70845 -106187149 38821725
v 70846 -106187051 38821784
v 70847 -106186263 38822255
v 70848 -106184335 38823405
v 68127 -106184066 38823566
v 68245 -106182328 38824845
v 68325 -106181557 38825412
v 68327 -106179314 38826822
v 68110 -106179092 38826953
v 68111 -106175310 38828753
v 68107 -106175083 38829013
v 68108 -106174679 38829123
v 68273 -106173500 38829655
v 68274 -106172915 38829937
v 68105 -106169758 38831461
v 68106 -106165081 38833215
v 68271 -106164966 38833243
v 68272 -106164834 38833274
v 68319 -106163662 38833553
v 68320 -106163087 38833690
v 68087 -106162559 38833817
v 68084 -106158111 38834709
v 68085 -106156003 38835242
v 68075 -106155389 38835372
v 68077 -106154901 38835446
v 68068 -106153168 38835921
v 68064 -106152550 38836058
v 68065 -106152197 38836115
v 68052 -106150941 38836469
v 68244 -106150477 38836552
v 70624 -106149181 38836864
v 70597 -106146908 38837433
v 68242 -106146287 38837589
v 68243 -106146106 38837650
v 68031 -106143741 38838458
v 68032 -106142341 38838882
v 68044 -106141629 38839098
v 68026 -106141049 38839213
v 68027 -106139981 38839563
v 70607 -106138437 38840068
v 68004 -106138239 38840196
v 67998 -106136892 38840561
v 67987 -106135575 38840927
v 67978 -106134434 38841293
v 67956 -106134960 38842346
v 67942 -106135456 38843422
v 67943 -106134958 38843558
v 68262 -106134880 38843579
v 68306 -106134510 38843680
v 67931 -106133700 38843901
v 67924 -106133963 38844451
v 67925 -106132467 38844851
v 68302 -106132352 38844884
v 68303 -106132126 38844949
v 68235 -106131985 38844994
v 67908 -106130451 38845433
v 67909 -106131058 38846738
v 68308 -106131204 38847051
v 68309 -106131497 38847682
v 68359 -106131910 38848569
v 67868 -106132700 38850264
v 68231 -106133391 38851636
v 67846 -106134074 38853354
v 67848 -106136338 38855346
v 71071 -106138294 38858308
v 68249 -106138489 38865951
v 68250 -106138309 38866483
v 70588 -106138397 38867042
v 67787 -106144423 38874660
v 67788 -106142227 38874093
v 67577 -106140490 38884451
v 67629 -106133059 38882133
v 67628 -106127736 38880907
v 67698 -106122598 38879844
v 67702 -106111908 38877880
v 67705 -106111118 38877606
v 67696 -106107021 38882093
v 67695 -106102396 38883285
v 67688 -106095957 38889352
v 67690 -106088171 38885506
v 67685 -106079119 38893865
v 67687 -106066726 38907608
v 67719 -106063845 38908775
v 67679 -106061489 38909841
v 67680 -106058605 38910944
v 67673 -106052817 38914716
v 67674 -106050769 38913423
v 67713 -106043747 38914358
v 67714 -106041801 38914617
v 67715 -106037190 38915231
v 67716 -106036068 38915380
v 67717 -106034979 38915525
v 67718 -106033278 38915752
v 67712 -106028004 38915467
v 67672 -106024636 38914939
v 67671 -106024079 38914916
v 67675 -106021501 38914434
v 67676 -106020652 38914182
v 67711 -106019312 38914051
v 67681 -105984379 38907857
v 66643 -105982776 38907421
v 66641 -105980928 38907088
v 66642 -105980363 38907275
v 66644 -105975214 38910133
v 343759 -105968449 38920661
v 343760 -105966861 38929172
v 343744 -105963419 38947098
v 343746 -105962703 38950736
v 343738 -105962162 38953484
v 343740 -105962124 38953693
v 343736 -105960494 38962662
v 343737 -105958674 38978354
v 343802 -105959024 38983267
v 343710 -105959182 38985618
v 342272 -105963819 39000735
v 342271 -105969690 39008584
v 342270 -105974978 39025175
v 342268 -105974979 39025861
v 342269 -105974697 39032925
v 342267 -105974602 39034696
v 342234 -105974340 39037923
v 342224 -105975994 39056026
v 342264 -105974328 39070469
v 342265 -105974204 39071993
v 342263 -105978917 39085205
v 342262 -105986382 39093831
v 342260 -105990239 39105295
v 342261 -105990734 39107933
v 342258 -105991773 39114060
v 342259 -105991909 39114703
v 342300 -105993417 39123146
v 340948 -105994781 39130484
v 340963 -105999179 39153550
v 340964 -106002068 39168382
v 346890 -106001324 39172758
v 341073 -106000149 39177564
v 341039 -105998839 39182966
v 340965 -105998502 39184379
v 340966 -105998097 39186227
v 348529 -105996651 39192999
v 340967 -105996218 39195800
v 340968 -105995165 39203101
v 340969 -105994903 39206168
v 340913 -105994757 39208182
v 340980 -105994623 39210350
v 340981 -105994554 39211478
v 340982 -105994321 39214773
v 340983 -105994289 39215071
v 340984 -105994176 39216170
v 340985 -105994176 39216670
v 340986 -105994176 39216787
v 340987 -105993998 39219120
v 341025 -105993862 39220428
v 340970 -105993650 39221296
v 340971 -105993004 39222464
v 340895 -105992855 39222670
v 340972 -105991945 39224043
v 341087 -105991248 39225104
v 347764 -105991032 39225433
v 348603 -105990200 39226700
v 349100 -105988912 39228663
v 340973 -105988684 39229011
v 340974 -105988298 39229580
v 341022 -105986740 39231882
v 340975 -105986126 39232789
v 340976 -105985408 39233894
v 340977 -105978803 39238833
v 340978 -105973682 39242173
v 341020 -105967266 39246357
v 340979 -105964063 39249090
v 340251 -105963503 39252724
v 340250 -105956854 39267006
v 340248 -105956471 39267785
v 340249 -105955009 39269435
v 340246 -105946433 39276322
v 340247 -105944863 39276303
v 340244 -105927235 39276986
v 340245 -105925491 39277330
v 340268 -105922620 39277896
v 340242 -105921668 39278084
v 340243 -105914159 39283584
v 340241 -105913568 39284765
v 340239 -105907352 39290965
v 340240 -105903572 39294490
v 340269 -105902426 39295558
v 340238 -105902372 39295610
v 340236 -105901547 39296296
v 340237 -105895196 39300334
v 340235 -105894003 39301626
v 340233 -105885660 39311441
v 340234 -105884817 39312396
v 340231 -105881561 39316085
v 340232 -105870509 39328763
v 340486 -105867862 39331820
v 340480 -105867103 39332457
v 340481 -105866699 39332795
v 340319 -105852708 39340351
v 340415 -105852505 39340451
v 340414 -105845725 39343809
v 340412 -105843043 39345160
v 340413 -105842708 39345324
v 340482 -105831776 39350711
v 340410 -105822737 39355165
v 340411 -105818875 39357568
v 340308 -105814954 39362672
v 340408 -105814276 39363885
v 340409 -105806967 39371641
v 339739 -105802716 39375291
v 339675 -105801978 39375825
v 339671 -105800504 39377221
v 339685 -105800209 39377518
v 339669 -105799943 39377701
v 339684 -105799422 39378152
v 339683 -105798911 39378594
v 339681 -105787080 39391568
v 339682 -105782982 39398312
v 339730 -105780795 39401910
v 339731 -105754664 39404269
v 346674 -105755477 39406846
v 339661 -105758159 39412500
v 339662 -105755857 39413162
v 339708 -105758092 39417125
v 339728 -105757890 39433407
v 339676 -105757906 39433898
v 339677 -105752184 39438440
v 339757 -105751625 39438987
v 339758 -105747763 39442093
v 339799 -105747184 39442200
v 339800 -105745828 39442452
v 339801 -105732540 39448856
v 339695 -105725099 39455013
v 339696 -105722849 39456393
v 339796 -105722131 39456549
v 339786 -105721540 39456678
v 339813 -105721154 39456714
v 339828 -105681127 39461131
v 339794 -105664084 39459916
v 339783 -105663646 39459869
v 339782 -105662729 39459770
v 339830 -105659293 39458663
v 339832 -105648383 39455921
v 339834 -105646763 39455739
v 339833 -105642655 39455279
v 339798 -105640686 39454790
v 339797 -105640505 39454726
v 339807 -105638526 39453586
v 339785 -105636987 39452049
v 339784 -105633833 39449096
v 339841 -105632523 39448941
v 340121 -105629954 39448739
v 340106 -105615946 39446446
v 340105 -105613938 39445915
v 339913 -105611296 39444035
v 339912 -105609576 39443332
v 339914 -105607383 39442309
v 339887 -105603495 39441617
v 348627 -105594647 39437657
v 340092 -105593913 39437405
v 340091 -105593457 39437249
v 340088 -105588465 39435327
v 340086 -105581584 39433093
v 339975 -105579859 39432646
v 339974 -105579151 39432415
v 339917 -105572660 39429335
v 339891 -105566037 39427343
v 339976 -105565447 39427059
v 339919 -105564809 39426814
v 339918 -105563381 39426176
v 340079 -105561901 39425638
v 340054 -105560154 39424931
v 340053 -105558286 39424175
v 339921 -105557008 39423658
v 339920 -105556417 39423338
v 339923 -105554732 39422252
v 339922 -105550929 39420019
v 348690 -105550533 39419891
v 339925 -105550052 39419626
v 339924 -105549808 39419492
v 339899 -105546031 39419217
v 339926 -105543189 39419792
v 339971 -105538299 39420875
v 348972 -105526542 39418192
v 348045 -105526236 39417778
v 339928 -105525921 39417289
v 339927 -105519478 39414176
v 340143 -105513511 39413425
v 339930 -105502942 39411302
v 339929 -105501511 39410804
v 339931 -105496360 39410551
v 347253 -105494560 39410851
v 347254 -105491274 39407433
v 347257 -105487340 39407110
v 347263 -105481046 39406885
v 347262 -105478346 39406323
v 347282 -105476555 39405689
v 347288 -105476255 39405689
v 347291 -105475227 39405463
v 347298 -105474202 39405685
v 347294 -105474454 39407789
v 347295 -105474311 39408989
v 347296 -105473864 39410434
v 347273 -105474300 39415525
v 347277 -105474199 39415891
v 347276 -105473797 39417176
v 347274 -105472553 39422029
v 347371 -105469539 39425657
v 347370 -105469292 39426754
v 347375 -105468236 39429249
v 347374 -105468166 39429379
v 347380 -105465614 39433526
v 347381 -105463954 39435489
v 347382 -105463239 39435745
v 347367 -105459054 39436789
v 347401 -105455454 39437491
v 340213 -105454048 39437898
v 347402 -105450756 39439790
v 340037 -105450362 39440052
v 347403 -105448814 39441000
v 347405 -105447533 39441849
v 347436 -105446135 39442844
v 347437 -105445656 39443234
v 347438 -105444700 39444095
v 347429 -105443373 39445126
v 347427 -105439933 39452283
v 347423 -105437805 39454968
v 347424 -105437626 39455270
v 347425 -105437552 39455346
v 347426 -105436912 39455250
v 347431 -105425354 39452144
v 347435 -105425168 39452112
v 347828 -105424436 39452035
v 347433 -105421935 39453186
v 347515 -105418118 39455794
v 340048 -105416352 39457388
v 347516 -105411703 39458687
v 347518 -105411616 39458721
v 347517 -105409952 39460888
v 347509 -105409528 39461155
v 347520 -105408350 39461521
v 347521 -105405958 39462181
v 347522 -105400477 39462405
v 347523 -105400120 39462542
v 208449 -105398552 39463488
v 208450 -105398152 39463788
v 208422 -105397327 39464770
v 208407 -105396151 39465888
v 208406 -105395251 39466088
v 208405 -105394251 39466288
v 208415 -105391505 39466999
v 208477 -105390599 39467127
v 208562 -105389608 39466901
v 208561 -105386051 39466088
v 208560 -105379551 39468588
v 208559 -105377557 39469851
v 208558 -105377024 39470206
v 208557 -105375551 39471188
v 208556 -105373644 39476495
v 208554 -105372116 39477033
v 208391 -105370151 39479388
v 208369 -105367824 39479642
v 208370 -105363597 39483985
v 208378 -105360355 39487038
v 208379 -105354602 39489535
v 208380 -105345230 39492157
v 208381 -105338240 39495702
v 208382 -105336466 39496134
v 206478 -105333846 39498163
v 206477 -105333214 39499026
v 208645 -105332738 39499596
v 208646 -105331190 39500725
v 208710 -105328399 39501519
v 208711 -105327240 39501673
v 208708 -105325162 39501755
v 208668 -105324913 39501766
v 208667 -105324417 39501812
v 208702 -105321435 39502607
v 208698 -105310080 39507535
v 208872 -105306386 39512132
v 208635 -105306148 39514088
v 208082 -105305552 39515211
v 208081 -105305075 39518154
v 208116 -105305595 39519951
v 208117 -105305948 39520688
v 208125 -105306278 39522978
v 208124 -105306903 39525259
v 208123 -105304518 39531927
v 208122 -105304448 39533388
v 208119 -105303779 39535480
v 208118 -105302857 39537018
v 208153 -105301280 39538068
v 208152 -105297360 39540963
v 207832 -105294983 39542317
v 207831 -105291271 39542795
v 207830 -105282847 39543888
v 208067 -105270747 39546288
v 208068 -105266145 39548020
v 208069 -105264667 39548473
v 208070 -105263347 39548588
v 208071 -105259046 39546988
v 208064 -105258646 39546888
v 219746 -105254946 39548888
v 219747 -105248246 39550988
v 219759 -105247246 39551788
v 219758 -105246729 39552305
v 219757 -105245146 39553888
v 228703 -105239746 39556688
v 219665 -105239446 39558788
v 219659 -105238646 39567188
v 219658 -105238822 39575760
v 208223 -105237352 39576688
v 208224 -105231478 39580655
v 208039 -105230218 39581459
v 208038 -105228157 39582684
v 208037 -105221820 39586227
v 208036 -105222345 39591388
v 219739 -105222745 39592288
v 219738 -105226145 39598387
v 219741 -105228377 39601310
v 219058 -105229045 39602087
v 219057 -105229513 39605643
v 219059 -105231045 39611887
v 228744 -105232145 39615887
v 230020 -105230071 39616924
v 230013 -105228345 39619387
v 230012 -105227015 39619765
v 229413 -105223845 39618087
v 227923 -105221445 39618687
v 227922 -105220153 39618701
v 229412 -105218492 39618072
v 231325 -105201760 39620523
v 231324 -105194544 39622787
v 231314 -105194044 39623087
v 219853 -105193867 39623220
v 219852 -105192844 39623987
v 219472 -105188885 39625800
v 219471 -105178843 39628587
v 219491 -105174843 39631887
v 219510 -105174043 39632287
v 226841 -105172343 39633487
v 226840 -105169143 39635687
v 229100 -105168843 39635987
v 219528 -105168598 39636131
v 219529 -105167143 39636987
v 219527 -105165043 39638487
v 219526 -105162705 39638548
v 219525 -105150257 39638873
v 219523 -105143055 39639061
v 219522 -105138494 39639180
v 219524 -105138242 39639187
v 221361 -105134944 39641374
v 221363 -105119036 39652525
v 221362 -105118584 39652765
v 221515 -105116213 39653482
v 221730 -105115348 39653586
v 221744 -105113860 39653714
v 223247 -105112968 39653790
v 223246 -105109540 39653950
v 223190 -105109551 39654297
v 221513 -105110920 39656277
v 223191 -105109830 39655987
v 223213 -105109001 39660637
v 223214 -105109800 39661190
v 223215 -105109520 39661976
v 221498 -105109561 39662803
v 216675 -105109591 39665260
v 216676 -105109590 39665469
v 216678 -105109586 39666931
v 216679 -105109619 39667795
v 221480 -105109635 39669147
v 221478 -105108236 39669531
v 221477 -105106941 39669887
v 223128 -105106026 39670027
v 223129 -105104127 39670493
v 223176 -105099953 39671634
v 223175 -105096207 39672632
v 223174 -105095140 39672787
v 229389 -105093540 39673187
v 229607 -105092505 39673446
v 229598 -105091691 39673649
v 229597 -105091305 39673746
v 223158 -105090740 39673887
v 223157 -105090140 39674087
v 223156 -105089240 39674387
v 223155 -105087640 39674687
v 223154 -105086940 39674887
v 223315 -105084061 39675052
v 223310 -105083440 39675087
v 223309 -105081440 39675087
v 222946 -105081440 39676387
v 222502 -105081440 39678887
v 222516 -105081440 39681787
v 220865 -105081440 39682287
v 220864 -105080540 39682387
v 220863 -105078921 39682387
v 220842 -105077940 39682387
v 220785 -105077015 39682387
v 220786 -105077031 39682645
v 222929 -105076940 39685287
v 222928 -105076740 39686287
v 222927 -105075640 39685987
v 222925 -105075240 39686587
v 222923 -105074840 39687287
v 222921 -105074340 39687887
v 222920 -105074040 39688487
v 222936 -105073439 39689187
v 223046 -105072139 39689087
v 222931 -105072139 39689587
v 222930 -105072039 39691487
v 222934 -105072039 39692287
v 220293 -105072139 39693187
v 220292 -105072139 39694887
v 220290 -105072078 39695265
v 220291 -105072039 39696087
v 226716 -105070939 39695987
v 229583 -105070539 39696287
v 222967 -105069339 39696787
v 222966 -105068239 39696887
v 222979 -105068103 39696868
v 222978 -105067539 39696787
v 222975 -105065639 39696787
v 222971 -105063739 39696887
v 222977 -105062639 39696987
v 223033 -105061839 39696887
v 223032 -105060939 39696887
v 223023 -105060539 39696887
v 223022 -105059939 39696887
v 223021 -105058939 39696887
v 223020 -105058439 39696887
v 226009 -105058039 39696887
v 226008 -105057439 39696887
v 226007 -105055283 39696829
v 104111 -105053139 39696987
v 104124 -105053139 39697187
v 104123 -105051239 39698187
v 104122 -105050739 39698587
v 104133 -105048439 39700287
v 104132 -105048039 39700587
v 104139 -105047039 39701387
v 104138 -105046739 39701587
v 104214 -105045539 39702387
v 104039 -105042938 39704087
v 104038 -105041838 39704887
v 104078 -105040738 39705787
v 104077 -105039507 39706503
v 104083 -105038838 39707087
v 104082 -105038338 39707387
v 104081 -105037938 39707687
v 104080 -105037238 39708187
v 104092 -105036038 39708987
v 104513 -105034938 39709787
v 104512 -105033838 39710587
v 104511 -105032438 39711187
v 104510 -105032438 39713187
v 104508 -105032438 39714987
v 104435 -105032438 39716487
v 104427 -105032396 39718076
v 104428 -105032417 39719671
v 104418 -105032438 39720287
v 104419 -105032448 39721350
v 104413 -105032458 39722892
v 104407 -105032479 39724577
v 103801 -105032506 39725201
v 103802 -105032531 39725437
v 103935 -105032538 39725836
v 104412 -105031258 39726008
v 104411 -105030010 39726249
v 99059 -105028838 39726787
v 99058 -105027438 39727987
v 99084 -105026266 39729101
v 99062 -105026130 39729425
v 99061 -105026238 39731186
v 99068 -105025225 39731194
v 99083 -105021738 39731286
v 99080 -105021638 39732986
v 99067 -105021738 39733786
v 99065 -105021738 39734386
v 99066 -105021638 39735586
v 99069 -105021626 39736337
v 99197 -105019535 39736332
v 99196 -105018491 39736691
v 99195 -105018237 39736786
v 99202 -105017737 39736886
v 99205 -105015837 39736886
v 99203 -105015837 39736986
v 99204 -105015837 39737586
v 99209 -105015737 39737886
v 110872 -105015737 39738337
v 99234 -105015737 39738486
v 99225 -105015837 39739786
v 99226 -105015104 39740486
v 104636 -105015037 39740486
v 99241 -105014146 39740486
v 99230 -105013737 39740486
v 110987 -105013937 39740886
v 111084 -105013168 39741049
v 111083 -105012918 39741143
v 99219 -105012845 39741171
v 99190 -105012537 39741286
v 99186 -105010437 39742386
v 99187 -105008237 39743286
v 100037 -105007237 39743686
v 100035 -105006137 39744286
v 100042 -105005037 39744886
v 100044 -105003937 39745386
v 100078 -105002837 39745886
v 100079 -105001637 39746386
v 100082 -105000837 39746886
v 100097 -105000537 39746986
v 100096 -105000037 39747286
v 100077 -104998837 39748186
v 100075 -104997637 39749086
v 100076 -104996437 39750086
v 100225 -104995237 39751086
v 100226 -104994036 39751986
v 100227 -104992836 39752986
v 100229 -104991536 39753886
v 99988 -104990436 39754786
v 99986 -104989236 39755786
v 99987 -104988036 39756686
v 99994 -104987736 39756986
v 99993 -104987636 39758286
v 99990 -104987836 39759486
v 99992 -104987836 39760386
v 99953 -104987924 39761970
v 99951 -104987936 39763486
v 99952 -104986836 39764486
v 99965 -104984036 39766686
v 99970 -104979236 39770386
v 100480 -104978036 39771386
v 100481 -104975836 39773086
v 100486 -104974736 39773786
v 100484 -104973536 39774686
v 100485 -104973336 39774986
v 100492 -104968735 39778586
v 100493 -104967635 39779486
v 100645 -104967135 39779886
v 99580 -104966835 39780286
v 99578 -104966935 39780986
v 99579 -104966835 39781286
v 99566 -104966835 39782186
v 99564 -104966935 39783886
v 99565 -104964235 39787886
v 99589 -104963635 39788286
v 99595 -104959435 39791586
v 99556 -104957135 39793286
v 7961 -104956535 39794286
v 7962 -104956735 39794386
v 9859 -104956435 39794786
v 9860 -104954816 39796000
v 9861 -104953635 39796886
v 9769 -104952835 39797486
v 9767 -104950434 39799186
v 9768 -104944334 39803886
v 9764 -104943234 39804986
v 9763 -104942434 39805686
v 9756 -104942234 39805786
v 9754 -104941634 39806586
v 9755 -104940334 39807986
v 9832 -104938534 39810786
v 9784 -104937134 39812786
v 9838 -104936034 39812786
v 9841 -104935534 39812786
v 9845 -104933934 39812786
v 9846 -104932934 39813386
v 9930 -104932434 39813786
v 9836 -104931634 39814786
v 9739 -104931634 39814186
v 9738 -104931634 39813486
v 9992 -104931334 39813786
v 9991 -104931034 39814086
v 9990 -104929733 39815186
v 9989 -104928933 39815886
v 9977 -104926533 39817986
v 9967 -104926233 39818186
v 9966 -104923933 39820186
v 9965 -104922233 39821586
v 9964 -104921833 39821986
v 9963 -104917633 39825586
v 9961 -104916633 39826386
v 9962 -104915533 39827286
v 10093 -104913833 39828486
v 10113 -104913233 39829086
v 10116 -104912733 39829486
v 10119 -104911733 39830186
v 10129 -104910533 39831586
v 9660 -104909133 39832886
v 9655 -104908832 39833286
v 9656 -104907932 39833886
v 9625 -104906816 39834816
v 9623 -104906132 39835386
v 9624 -104905932 39835686
v 9664 -104905532 39835886
v 9650 -104904832 39836486
v 9649 -104903032 39837986
v 9669 -104900032 39840685
v 9672 -104898732 39841685
v 9673 -104892208 39847254
v 15171 -104889981 39849156
v 15169 -104889297 39849740
v 15170 -104885826 39852703
v 9674 -104881631 39856285
v 13791 -104880531 39857585
v 14077 -104878675 39859152
v 9719 -104872236 39864588
v 9720 -104867218 39868823
v 9721 -104865130 39870585
v 9722 -104856330 39877985
v 14416 -104855478 39878691
v 14417 -104855348 39878798
v 14418 -104853835 39880050
v 14444 -104851481 39881998
v 11669 -104847804 39885041
v 11670 -104847630 39885185
v 11673 -104847471 39885328
v 11672 -104846630 39886085
v 11671 -104830929 39899685
v 11768 -104827829 39901685
v 11769 -104827829 39902576
v 11767 -104827829 39903285
v 11656 -104827829 39903885
v 11657 -104827729 39906185
v 11694 -104827829 39906785
v 11693 -104825929 39907885
v 11692 -104825029 39908485
v 11699 -104823828 39909285
v 11697 -104823442 39909478
v 11689 -104821728 39910585
v 11690 -104820628 39911484
v 11698 -104819628 39912184
v 11700 -104818728 39912884
v 11225 -104818228 39913184
v 11224 -104816928 39913984
v 14443 -104816540 39914173
v 11705 -104816255 39914312
v 11704 -104816035 39914419
v 14201 -104815897 39914531
v 11718 -104813907 39916135
v 11703 -104808764 39920281
v 11702 -104806528 39922084
v 11206 -104802415 39925724
v 11205 -104791727 39935184
v 11453 -104791427 39935284
v 11449 -104790127 39936484
v 11443 -104784827 39942984
v 1072 -104780426 39946584
v 458 -104779685 39947186
v 11461 -104767626 39956984
v 11476 -104767026 39957484
v 11467 -104763026 39961484
v 11242 -104751925 39972483
v 11466 -104751577 39972483
v 11531 -104748158 39972483
v 11483 -104746925 39972483
v 930 -104746803 39972483
v 931 -104746325 39972483
v 433 -104745666 39972483
v 434 -104744325 39972483
v 413 -104741901 39972459
v 414 -104734324 39972383
v 11506 -104725724 39972583
v 11527 -104715723 39972683
v 11528 -104714623 39972783
v 11537 -104710523 39972683
v 11538 -104708523 39972783
v 11575 -104698423 39972983
v 11588 -104696222 39972983
v 11591 -104679422 39972883
v 11601 -104670884 39972815
v 82 -104662054 39972745
v 83 -104655030 39972689
v 91 -104641720 39972583
v 11610 -104632520 39972483
v 760 -104622819 39972483
v 45 -104616530 39972195
v 44 -104615199 39972134
v 127 -104609770 39971983
v 761 -104604118 39971983
v 3920 -104588569 39971883
v 11569 -104585517 39971883
v 11568 -104574817 39971783
v 12868 -104566717 39971783
v 12884 -104567016 39986383
v 12858 -104563168 39986352
v 12857 -104548316 39986183
v 12879 -104531315 39986083
v 809 -104529315 39986083
v 808 -104520815 39985993
v 12880 -104519914 39985983
v 12881 -104510414 39985983
v 803 -104489983 39984838
v 801 -104481891 39984795
v 802 -104473389 39984816
v 915 -104471152 39984822
v 807 -104466468 39984829
v 796 -104452439 39984848
v 794 -104433519 39984849
v 793 -104425989 39984793
v 805 -104414658 39984709
v 925 -104403936 39984655
v 927 -104395804 39984614
v 926 -104395471 39984612
v 929 -104387912 39984636
v 816 -104385117 39984645
v 810 -104376520 39984672
v 811 -104358494 39984771
v 817 -104354515 39984791
v 831 -104339633 39984868
v 824 -104330744 39984934
v 822 -104320862 39985008
v 823 -104306029 39985169
v 834 -104301883 39985214
v 835 -104277415 39985402
v 842 -104275792 39985414
v 841 -104264161 39985455
v 1091 -104255864 39985486
v 1089 -104245568 39985498
v 855 -104239843 39985639
v 854 -104236941 39985616
v 852 -104207878 39985761
v 865 -104188117 39985886
v 867 -104170149 39986060
v 1201 -104151296 39986168
v 1202 -104145337 39985821
v 1206 -104122173 39986085
v 1214 -104117700 39986078
v 1312 -104114200 39986073
v 1338 -104103266 39986131
v 877 -104095757 39986171
v 876 -104095162 39986056
v 874 -104077433 39987272
v 875 -104077050 40001035
v 895 -104069819 40001013
v 894 -104069695 40000981
v 893 -104066814 40001045
v 905 -104063482 40001082
v 906 -104062487 40001090
v 872 -104057977 40001128
v 871 -104057635 39993872
v 907 -104057619 39993085
v 908 -104057294 39986037
v 909 -104056998 39971575
v 899 -104038291 39971618
v 897 -104026811 39971386
v 898 -104007047 39971257
v 46 -104003696 39971374
v 47 -103999955 39971582
