v 222033 -74115014 40611062
v 215393 -74114582 40611040
v 215392 -74112864 40610900
v 224150 -74111260 40610553
v 224149 -74110214 40610269
v 215579 -74109848 40610171
v 215578 -74105448 40610163
v 215773 -74104135 40610223
v 215775 -74101644 40610336
v 215774 -74098013 40610378
v 215891 -74090563 40608881
v 215894 -74088815 40608185
v 215952 -74085535 40606960
v 217306 -74082858 40606262
v 217309 -74081393 40606175
v 217341 -74077673 40606086
v 217400 -74076441 40606034
v 217558 -74068908 40604024
v 217588 -74068519 40603908
v 217402 -74065282 40602814
v 217655 -74064139 40602251
v 217669 -74063556 40602184
v 224205 -74057019 40602484
v 224225 -74054555 40603203
v 217681 -74054136 40603350
v 217680 -74053125 40603678
v 147078 -74043874 40606682
v 147077 -74035739 40608951
v 147076 -74034981 40609212
v 147193 -74033271 40609850
v 147196 -74032383 40610260
v 151957 -74031734 40610423
v 151952 -74030889 40610914
v 147198 -74030325 40611423
v 147197 -74028870 40612918
v 147156 -74028152 40614135
v 147155 -74026481 40615597
v 147159 -74026218 40616003
v 147158 -74026133 40616123
v 147170 -74023460 40619146
v 140374 -74023200 40619442
v 140373 -74022121 40620639
v 147221 -74021940 40620822
v 140329 -74020788 40622103
v 140328 -74019619 40623677
v 140375 -74019396 40623977
v 151202 -74018545 40625803
v 140325 -74018216 40626658
v 140324 -74017858 40627456
v 151086 -74017233 40628846
v 140307 -74016643 40630211
v 140306 -74016376 40631091
v 140305 -74015893 40632679
v 151113 -74015850 40633388
v 150909 -74015931 40634475
v 151103 -74016793 40635119
v 151100 -74019143 40636443
v 151089 -74019596 40636771
v 151085 -74021060 40637997
v 150944 -74021596 40638937
v 150948 -74021679 40639810
v 151008 -74021653 40640782
v 143890 -74021195 40641439
v 151653 -74020502 40642022
v 151652 -74019835 40642584
v 151651 -74019254 40643135
v 151650 -74018537 40643678
v 151649 -74018016 40644155
v 151648 -74017372 40644744
v 151647 -74016795 40645273
v 151646 -74016203 40645815
v 151645 -74015625 40646344
v 151813 -74015032 40646886
v 151592 -74014414 40647450
v 151010 -74013782 40648027
v 151613 -74013167 40648575
v 145154 -74012596 40649102
v 144200 -74011995 40649657
v 144198 -74011362 40650241
v 144196 -74010723 40650791
v 148988 -74010136 40651297
v 146981 -74009526 40651818
v 146979 -74009001 40652459
v 150577 -74008538 40653021
v 150574 -74007768 40653535
v 150564 -74006627 40654630
v 150769 -74006038 40655189
v 146975 -74005572 40655855
v 146974 -74005688 40655922
v 146972 -74005166 40656481
v 146970 -74004580 40657022
v 150771 -74003928 40657613
v 150764 -74003385 40658155
v 150762 -74002906 40658780
v 146968 -74002232 40659371
v 151981 -74001797 40659913
v 150804 -74001146 40660438
v 150806 -74000516 40660996
v 150812 -73999951 40661604
v 140335 -73998864 40662589
v 140333 -73998277 40663230
v 151773 -73997669 40663771
v 140331 -73997017 40664346
v 151777 -73996452 40664921
v 140323 -73996060 40665496
v 140320 -73996203 40667478
v 140310 -73996799 40669055
v 140309 -73997701 40670408
v 143909 -73997226 40670226
v 151817 -73997847 40671279
v 143860 -73998010 40671781
v 143649 -73998448 40672255
v 143650 -73998835 40672767
v 150745 -73999293 40673578
v 150743 -73999636 40673675
v 150736 -74000132 40674593
v 150733 -74000769 40675457
v 150732 -74000953 40675661
v 146929 -74000962 40675671
v 150647 -74001327 40676348
v 150730 -74001652 40676832
v 151887 -74001670 40676859
v 151770 -74002787 40678411
v 147000 -74003347 40679071
v 150654 -74003366 40679582
v 145285 -74003082 40680157
v 145284 -74002382 40681571
v 151728 -74002316 40681785
v 151727 -74001966 40682495
v 151726 -74001376 40683825
v 151725 -74001331 40683907
v 151724 -74001005 40684499
v 150400 -74000618 40685114
v 150675 -73999694 40687015
v 151723 -73998880 40688667
v 139859 -73998711 40689021
v 143290 -73998511 40690058
v 151602 -73998658 40690833
v 150584 -73998959 40691344
v 143900 -73999212 40692547
v 143901 -73999280 40692583
v 139834 -73999069 40692993
v 139833 -73998753 40693567
v 139836 -73998447 40694258
v 139825 -73998118 40694998
v 139824 -73998073 40695076
v 139823 -73997791 40695557
v 139818 -73996544 40698353
v 139817 -73996432 40698929
v 139944 -73996303 40698912
v 139945 -73994997 40700341
v 139932 -73994411 40700620
v 139933 -73993783 40700832
v 139937 -73993306 40700979
v 139971 -73992634 40701141
v 139972 -73991790 40701238
v 139962 -73990859 40701251
v 139968 -73989387 40701329
v 140036 -73988436 40701112
v 140037 -73988457 40701376
v 140029 -73988344 40702232
v 140028 -73988449 40702858
v 140026 -73988553 40703600
v 140027 -73988332 40703599
v 139806 -73988121 40703598
v 139805 -73988074 40704240
v 139802 -73988924 40704627
v 139801 -73989519 40705118
v 186642 -73991970 40709979
v 189904 -73992004 40710181
v 186883 -73989928 40710457
v 186884 -73989456 40710520
v 186902 -73986734 40710843
v 186903 -73984932 40711061
v 186922 -73981588 40711303
v 186928 -73980691 40711347
v 186929 -73979725 40711593
v 186930 -73977878 40712938
v 186931 -73977791 40713135
v 186932 -73977485 40713711
v 187086 -73977091 40714434
v 187087 -73976698 40715174
v 187088 -73976523 40715487
v 190729 -73975953 40716737
v 187159 -73975073 40719385
v 187158 -73975051 40719484
v 187156 -73974757 40721822
v 187157 -73974739 40722001
v 187154 -73974735 40722036
v 187155 -73973357 40724568
v 187151 -73972177 40726721
v 187152 -73972044 40727314
v 187153 -73971909 40728170
v 187082 -73972034 40729010
v 187083 -73972269 40729752
v 187069 -73974100 40731372
v 187052 -73974611 40732938
v 187049 -73975122 40734669
v 187072 -73975034 40735476
v 187073 -73975021 40735590
v 190736 -73974963 40736085
v 190737 -73974891 40736697
v 190694 -73974804 40737434
v 190743 -73974716 40737582
v 190728 -73974585 40737763
v 190516 -73974171 40738355
v 187020 -73972302 40743520
v 187021 -73971844 40744210
v 187023 -73971580 40744934
v 187024 -73971122 40745542
v 187030 -73970599 40746117
v 187028 -73970011 40746741
v 187026 -73969249 40747480
v 187027 -73968966 40747857
v 187034 -73968726 40748170
v 187035 -73968464 40748498
v 189456 -73964937 40751995
v 189458 -73964414 40752570
v 190532 -73963967 40752972
v 189547 -73963173 40753685
v 188929 -73963114 40753751
v 188926 -73962672 40754244
v 188927 -73961583 40755426
v 188940 -73961127 40755825
v 188975 -73960931 40755998
v 188973 -73960387 40756594
v 188967 -73959927 40757312
v 188966 -73959377 40757861
v 188962 -73958883 40758468
v 188963 -73958575 40758875
v 188969 -73958465 40759039
v 188970 -73958310 40759259
v 188977 -73957462 40760337
v 188978 -73956279 40761087
v 187409 -73956093 40761189
v 187410 -73953555 40763739
v 188951 -73953064 40764308
v 188952 -73952758 40764883
v 189384 -73952256 40765442
v 189383 -73952105 40765392
v 189354 -73951363 40766230
v 189352 -73950753 40767018
v 189350 -73950469 40767346
v 189351 -73949968 40767904
v 189366 -73949509 40768545
v 189365 -73949204 40768890
v 189360 -73948507 40769725
v 189317 -73947874 40770384
v 189318 -73947264 40771025
v 189319 -73946675 40771665
v 189320 -73945979 40772206
v 189382 -73945326 40772714
v 189381 -73944694 40773355
v 189308 -73943071 40777254
v 189307 -73943534 40779032
v 189194 -73944153 40780747
v 189195 -73943831 40782896
v 189303 -73941812 40784577
v 189302 -73941430 40784761
v 189301 -73939877 40785673
v 189191 -73939701 40786117
v 189298 -73938261 40787875
v 189296 -73937866 40788730
v 189297 -73937479 40789608
v 189252 -73935485 40791949
v 189250 -73935269 40791922
v 189251 -73933202 40793167
v 189285 -73931767 40793913
v 189286 -73931180 40794224
v 189290 -73930724 40794453
v 189288 -73929414 40796013
v 189289 -73929236 40796803
v 189273 -73929103 40797378
v 189274 -73929046 40799536
v 189609 -73929492 40801036
v 189607 -73929556 40801168
v 189305 -73929124 40800985
v 189306 -73927429 40800276
v 189623 -73926054 40799690
v 189622 -73925860 40799607
v 189628 -73925125 40799308
v 189618 -73923331 40798478
v 189617 -73922802 40798235
v 189616 -73922035 40797881
v 189615 -73919955 40797692
v 189633 -73919696 40797592
v 189614 -73919477 40797937
v 189613 -73918742 40798968
v 136671 -73918606 40799080
v 136672 -73918124 40799932
v 139590 -73917872 40800377
v 136673 -73917306 40801379
v 136667 -73917106 40801679
v 136668 -73916606 40802279
v 136669 -73916206 40802679
v 136685 -73915806 40802879
v 136679 -73915006 40803279
v 135647 -73908906 40806079
v 135648 -73902905 40809679
v 136385 -73898405 40813179
v 136384 -73896705 40814479
v 136395 -73895305 40815779
v 136394 -73894905 40816179
v 136538 -73893105 40817879
v 136465 -73892205 40818779
v 136459 -73890479 40820166
v 136458 -73886905 40822679
v 136511 -73886167 40822766
v 136509 -73885205 40822879
v 136516 -73884405 40822979
v 136842 -73879850 40823559
v 136843 -73875178 40824153
v 136853 -73873404 40824379
v 137815 -73872404 40824479
v 137818 -73871404 40824579
v 137825 -73869704 40824779
v 137892 -73863971 40825573
v 137891 -73859779 40826154
v 137909 -73856248 40826563
v 137908 -73856067 40826586
v 138474 -73853946 40827011
v 138475 -73853004 40826779
v 138491 -73849904 40827179
v 138525 -73846904 40827579
v 138527 -73846304 40827679
v 138541 -73844749 40827862
v 138542 -73843704 40827979
v 138543 -73842904 40828079
v 138615 -73842204 40828179
v 138616 -73841404 40828279
v 138620 -73838003 40829779
v 138621 -73837203 40829979
v 138622 -73837439 40830711
v 138405 -73838203 40833879
v 138376 -73838403 40834979
v 138377 -73838440 40835655
v 138378 -73838477 40836348
v 138395 -73838591 40838747
v 138371 -73838303 40840379
v 138367 -73837503 40842779
v 138272 -73837003 40844179
v 138273 -73836503 40845779
v 138275 -73836340 40847290
v 138274 -73836067 40849831
v 138271 -73834803 40854279
v 138279 -73834403 40854579
v 138281 -73833903 40855179
v 138284 -73833103 40855779
v 138278 -73832603 40856079
v 138299 -73831803 40856579
v 138300 -73831403 40856679
v 137412 -73830903 40857379
v 137413 -73830503 40857979
v 137414 -73828503 40860379
v 137408 -73828103 40860879
v 138714 -73827903 40861079
v 138715 -73826603 40862679
v 138741 -73821756 40868011
v 132601 -73821603 40868179
v 138742 -73821457 40868287
v 139573 -73821203 40868478
v 138739 -73820903 40868878
v 138740 -73820503 40869278
v 138706 -73819803 40869878
v 138705 -73819003 40871078
v 138704 -73818903 40871678
v 138703 -73818803 40872878
v 134126 -73818603 40875178
v 134127 -73815992 40883923
v 134123 -73815203 40886378
v 134133 -73813356 40886588
v 134134 -73813036 40886603
v 134135 -73812455 40886595
v 134138 -73808905 40886204
v 137186 -73808260 40886157
v 134146 -73806202 40886078
v 134147 -73804602 40886478
v 253700 -73801251 40889570
v 253685 -73800477 40890799
v 253686 -73799608 40892661
v 253648 -73798377 40895299
v 253649 -73798230 40895581
v 253646 -73797177 40897599
v 253647 -73796649 40898832
v 253644 -73796577 40898999
v 253641 -73796077 40899999
v 253642 -73795677 40900699
v 253653 -73794477 40901899
v 253636 -73793977 40902399
v 253635 -73791877 40905499
v 253730 -73790377 40906799
v 253733 -73789577 40907299
v 253176 -73786677 40908699
v 253185 -73786465 40908959
v 253182 -73785377 40910299
v 253181 -73785277 40911199
v 253224 -73784377 40912799
v 253223 -73783777 40913399
v 253203 -73782477 40915099
v 253204 -73781977 40916099
v 253202 -73781777 40916399
v 253209 -73781077 40917099
v 253211 -73780576 40917599
v 253216 -73778676 40919099
v 254391 -73778376 40919399
v 254337 -73772076 40924699
v 254363 -73770718 40926047
v 254359 -73769476 40927599
v 254360 -73766376 40929099
v 254516 -73765576 40929499
v 254520 -73762387 40931433
v 254268 -73760076 40933498
v 254269 -73758235 40935225
v 254279 -73757676 40935598
v 254280 -73757649 40935622
v 261438 -73757008 40936192
v 254278 -73753176 40939598
v 254750 -73751431 40941507
v 255762 -73749476 40945498
v 255694 -73748976 40946498
v 255693 -73748375 40947398
v 255731 -73745375 40951798
v 255710 -73741875 40956998
v 255717 -73741175 40958048
v 255712 -73741075 40958198
v 255713 -73740313 40959657
v 255817 -73740175 40959898
v 255590 -73739775 40959898
v 255591 -73738575 40961098
v 255611 -73736675 40962098
v 255612 -73736075 40962198
v 255616 -73735375 40962298
v 255617 -73734775 40962598
v 255618 -73734075 40962698
v 255647 -73732975 40963098
v 255666 -73732382 40963433
v 255673 -73730675 40964398
v 255674 -73730210 40964617
v 255665 -73728674 40965342
v 256213 -73725175 40971313
v 256215 -73721776 40974215
v 256241 -73720143 40974688
v 256247 -73718221 40975009
v 256258 -73716405 40975138
v 256261 -73714070 40975093
v 256431 -73713035 40974947
v 256435 -73711843 40974772
v 256436 -73710665 40974636
v 256476 -73707173 40974299
v 256479 -73706174 40974398
v 256483 -73703774 40974598
v 256773 -73698973 40976598
v 256780 -73697573 40977598
v 256781 -73696973 40977998
v 256798 -73692273 40980897
v 256802 -73689373 40982997
v 256701 -73686373 40984697
v 256700 -73684273 40985897
v 256729 -73682473 40986497
v 256733 -73680272 40987297
v 256732 -73680272 40987697
v 256730 -73680172 40988097
v 256731 -73678272 40990697
v 256740 -73677972 40991097
v 256720 -73677572 40991497
v 256723 -73677272 40991997
v 256722 -73676872 40992497
v 256721 -73676572 40992997
v 257190 -73674515 40994294
v 257189 -73673672 40994997
v 257191 -73669272 40996597
v 257212 -73668374 40996967
v 257211 -73667572 40997297
v 257213 -73667072 40997397
v 257224 -73666272 40997597
v 257226 -73665272 40997797
v 257179 -73665172 40998197
v 257185 -73664972 40998697
v 257182 -73664072 41000297
v 260601 -73662672 41001497
v 260602 -73661772 41002497
v 260603 -73660872 41003497
v 260609 -73660172 41004297
v 260610 -73659472 41003897
v 260611 -73658145 41003273
v 5536 -73657771 41003097
v 5537 -73657371 41003097
v 5538 -73656771 41002697
v 5578 -73655971 41002397
v 5579 -73655071 41001797
v 5581 -73654471 41001697
v 5592 -73653071 41001897
v 5596 -73651571 41002097
v 5616 -73650071 41002497
v 4147 -73649371 41002497
v 5611 -73647171 41005397
v 5612 -73646071 41006397
v 5629 -73644171 41008097
v 5486 -73643971 41008397
v 5487 -73635571 41015597
v 5484 -73631370 41017697
v 5507 -73629670 41018297
v 5510 -73628870 41018297
v 5514 -73628370 41018297
v 5526 -73626370 41019597
v 1761 -73623870 41020197
v 1775 -73618870 41021797
v 1787 -73615570 41022797
v 1797 -73613470 41023597
v 1824 -73608470 41025697
v 1846 -73605669 41026497
v 1847 -73603169 41027297
v 1851 -73601869 41028097
v 60 -73601619 41028326
v 61 -73600669 41029197
v 71 -73600269 41029597
v 2160 -73598732 41031646
v 2158 -73597569 41033197
v 2159 -73596569 41034097
v 2162 -73595269 41034897
v 2163 -73593169 41035797
v 2164 -73591869 41036197
v 2075 -73590669 41036697
v 2073 -73586369 41038397
v 2081 -73583069 41039397
v 2087 -73581669 41039797
v 2129 -73578468 41040397
v 2130 -73577868 41040597
v 2131 -73577668 41040697
v 2139 -73575968 41041197
v 2144 -73574368 41041797
v 2143 -73574168 41041897
v 2418 -73573746 41042062
v 2399 -73571868 41042797
v 2410 -73571168 41043097
v 6371 -73570284 41043476
v 6372 -73569689 41043714
v 2446 -73566068 41044497
v 2447 -73564368 41044497
v 2451 -73563568 41044497
v 2452 -73563268 41044397
v 2453 -73560368 41044297
v 2568 -73557968 41043997
v 2574 -73554767 41043697
v 2635 -73553167 41043797
v 2651 -73551904 41044072
v 2650 -73550867 41044297
v 2658 -73549867 41044497
v 3043 -73546567 41045472
v 3042 -73545467 41045797
v 3062 -73544867 41046097
v 3060 -73544067 41046197
v 3059 -73542467 41046696
v 3058 -73542567 41046896
v 3057 -73542467 41047596
v 3056 -73542567 41048296
v 3008 -73542367 41048896
v 3004 -73541767 41050196
v 1538 -73541567 41051496
v 1539 -73541667 41052296
v 2966 -73542167 41052796
v 2968 -73542667 41054096
v 2967 -73542767 41054896
v 2951 -73542467 41054996
v 2949 -73542867 41056996
v 2942 -73542867 41057996
v 2941 -73543067 41059696
v 2936 -73543267 41060696
v 2935 -73543267 41061596
v 1323 -73543467 41062396
v 1019 -73547767 41065596
v 1020 -73548595 41066045
v 6380 -73550524 41067092
v 1011 -73551268 41067496
v 997 -73552068 41068396
v 996 -73552768 41068996
v 995 -73552368 41069996
v 994 -73552144 41070144
v 998 -73551968 41070296
v 1000 -73550968 41071196
v 952 -73549468 41072096
v 1002 -73548368 41072396
v 962 -73547968 41073496
v 960 -73548968 41076496
v 959 -73549068 41076796
v 958 -73549168 41077096
v 957 -73549168 41077596
v 955 -73549168 41078596
v 953 -73548568 41081196
v 956 -73546568 41081096
v 1235 -73543567 41081596
v 1240 -73543183 41082224
v 1241 -73542067 41082396
v 1269 -73539467 41082096
v 1277 -73538367 41082396
v 1273 -73536967 41082496
v 1276 -73535367 41082596
v 1356 -73534167 41082596
v 1357 -73532967 41082396
v 1358 -73532967 41083196
v 1363 -73531567 41083296
