v 382913 -107116434 40428878
v 382914 -107120712 40430206
v 382977 -107122095 40439369
v 382906 -107120918 40439718
v 382664 -107135599 40442788
v 382662 -107139758 40445741
v 382657 -107131880 40450793
v 382658 -107129994 40453445
v 382648 -107126088 40457423
v 382642 -107126691 40461427
v 382643 -107126691 40461959
v 382745 -107118942 40473047
v 382867 -107119184 40476477
v 382869 -107118637 40476459
v 382873 -107114964 40479933
v 382975 -107106700 40484672
v 382970 -107106293 40484658
v 382855 -107104569 40483244
v 382854 -107100495 40479665
v 382861 -107079077 40478890
v 382860 -107078178 40478894
v 382863 -107071408 40478735
v 382864 -107070030 40479902
v 382856 -107034982 40479099
v 382857 -107035299 40481577
v 382967 -107035345 40484208
v 383005 -107035347 40484337
v 382839 -107035369 40485641
v 382836 -107030546 40485618
v 382838 -107028254 40485617
v 382965 -107022651 40485615
v 382834 -107020959 40485615
v 382835 -107019551 40485614
v 382833 -107018413 40485637
v 382831 -107006010 40485792
v 382832 -106997212 40486872
v 385064 -106994290 40486454
v 385015 -106988551 40485511
v 384959 -106978283 40484228
v 384956 -106975018 40484701
v 384957 -106969424 40486669
v 385014 -106967865 40487218
v 384949 -106951143 40493102
v 384950 -106929427 40500528
v 384764 -106919729 40501065
v 384765 -106916610 40502072
v 384734 -106912992 40504065
v 384735 -106910075 40504684
v 384766 -106908565 40504910
v 384786 -106908453 40504927
v 384732 -106907657 40505047
v 384384 -106904480 40505367
v 384723 -106895369 40507102
v 386845 -106888628 40506648
v 384731 -106882341 40505466
v 384730 -106880264 40505999
v 384763 -106878167 40505719
v 384900 -106877814 40505611
v 384738 -106877301 40505442
v 384737 -106876828 40505201
v 384844 -106873485 40504065
v 384843 -106865756 40502929
v 384877 -106864152 40502625
v 386786 -106863666 40502604
v 384820 -106863649 40502603
v 384819 -106863389 40502591
v 384821 -106862409 40502611
v 384817 -106861172 40502638
v 384871 -106860740 40502618
v 384824 -106859427 40502559
v 384822 -106856166 40501656
v 385075 -106855055 40500564
v 383189 -106854348 40499351
v 383188 -106854058 40498790
v 385497 -106853604 40497911
v 383182 -106848492 40493849
v 383181 -106848074 40493766
v 385083 -106847835 40493718
v 383169 -106846980 40493510
v 385106 -106846517 40493398
v 385105 -106843040 40491455
v 385499 -106841885 40491117
v 383230 -106841332 40490677
v 385135 -106840282 40489465
v 385147 -106839083 40488779
v 385158 -106838954 40488643
v 383311 -106838693 40488367
v 385161 -106837704 40487864
v 385172 -106836565 40487201
v 385190 -106835546 40486561
v 383109 -106834468 40485943
v 383508 -106833389 40485303
v 383509 -106832398 40484736
v 385217 -106832190 40484617
v 385224 -106831201 40484023
v 385231 -106830033 40483359
v 385238 -106828954 40482765
v 385245 -106828410 40482423
v 385244 -106826587 40481188
v 385511 -106826071 40480187
v 385517 -106825997 40475170
v 385271 -106826000 40475104
v 385270 -106826135 40472060
v 385273 -106825985 40468972
v 385277 -106825944 40468459
v 385275 -106825895 40467828
v 385440 -106825862 40467449
v 385286 -106825768 40466368
v 385285 -106825654 40465060
v 385682 -106825223 40462966
v 385306 -106825035 40462418
v 385305 -106824485 40461400
v 383222 -106822242 40459475
v 383221 -106821074 40458449
v 385683 -106818202 40455743
v 382176 -106817463 40455046
v 382175 -106816155 40453591
v 385332 -106815768 40453165
v 385340 -106815618 40450694
v 385449 -106815625 40449830
v 384910 -106815638 40448104
v 384909 -106815662 40445078
v 384943 -106815673 40443635
v 384942 -106815678 40443002
v 385361 -106815741 40434973
v 385360 -106815437 40430083
v 385364 -106814839 40428939
v 384279 -106806128 40419880
v 384278 -106806172 40413896
v 385382 -106806206 40409251
v 385381 -106806219 40407503
v 385391 -106806262 40404119
v 385390 -106806339 40397987
v 385395 -106806339 40393792
v 385394 -106806339 40392085
v 385396 -106807985 40387761
v 385405 -106808770 40386741
v 385404 -106805024 40380463
v 385410 -106802022 40378810
v 385409 -106795692 40376161
v 386173 -106794799 40372777
v 386175 -106794469 40371321
v 386174 -106794286 40371054
v 386172 -106786544 40368887
v 386171 -106778561 40361198
v 386170 -106775984 40360010
v 386169 -106773844 40359824
v 386168 -106764901 40355100
v 386166 -106763292 40354083
v 386165 -106759415 40351633
v 386167 -106757094 40350341
v 386176 -106743569 40351489
v 386064 -106750601 40356749
v 386065 -106750601 40364013
v 385788 -106731610 40375518
v 385789 -106727733 40375651
v 385790 -106722780 40376539
v 385781 -106713008 40381770
v 385782 -106702501 40383827
v 385793 -106699443 40383596
v 385780 -106691754 40382377
v 385776 -106687438 40382064
v 385777 -106659912 40388741
v 182315 -106652743 40388696
v 182314 -106652163 40388693
v 182324 -106650333 40388677
v 182318 -106649849 40388672
v 182317 -106643966 40388622
v 182319 -106642170 40388621
v 182313 -106640912 40389192
v 182308 -106629565 40398865
v 182309 -106625098 40400785
v 182331 -106623992 40400920
v 182333 -106622914 40400784
v 182345 -106618215 40399735
v 204532 -106618017 40399735
v 204531 -106606272 40395828
v 204535 -106604056 40393632
v 204539 -106593758 40384713
v 204544 -106579456 40379682
v 182394 -106579346 40379403
v 182393 -106577783 40371433
v 182398 -106575387 40366731
v 182410 -106573743 40363885
v 182411 -106571649 40362009
v 182413 -106570901 40357410
v 182421 -106557202 40348503
v 182420 -106555948 40347298
v 182424 -106553376 40344850
v 182427 -106548892 40341990
v 182429 -106543272 40337367
v 182443 -106527545 40323956
v 182442 -106521487 40317481
v 182449 -106520639 40316113
v 182448 -106507986 40307248
v 182450 -106501091 40298025
v 182501 -106498511 40296773
v 182500 -106484581 40293157
v 182503 -106480246 40289732
v 182502 -106480007 40289498
v 182506 -106470448 40285580
v 182505 -106468621 40284353
v 182545 -106468240 40283898
v 182555 -106467036 40280845
v 182529 -106454326 40257392
v 182527 -106454125 40257038
v 182530 -106451287 40252027
v 182817 -106436046 40230124
v 182816 -106436030 40229509
v 182819 -106436478 40226832
v 182824 -106430002 40218527
v 182904 -106422449 40205775
v 182832 -106422311 40202561
v 182831 -106422573 40201869
v 182836 -106425379 40194845
v 182839 -106419172 40194982
v 182837 -106415711 40194638
v 182848 -106414907 40191915
v 182847 -106413415 40190794
v 182856 -106405151 40185215
v 182854 -106398505 40177382
v 182869 -106396847 40174316
v 182868 -106377077 40156826
v 183028 -106368121 40152864
v 183027 -106363920 40147905
v 183030 -106363091 40147588
v 183029 -106352292 40147040
v 183025 -106339114 40151208
v 183032 -106337742 40149927
v 183031 -106329900 40146359
v 183081 -106324235 40146467
v 183034 -106320920 40146353
v 183033 -106313560 40145606
v 183036 -106305957 40144530
v 183086 -106292568 40134163
v 183088 -106292703 40133142
v 183087 -106293054 40129620
v 183089 -106292622 40128020
v 183708 -106290224 40124188
v 183709 -106289645 40124303
v 183874 -106287046 40124647
v 183053 -106280444 40126793
v 183873 -106281116 40120177
v 183724 -106279726 40113180
v 183723 -106279619 40112494
v 183741 -106279624 40107994
v 183740 -106281626 40087142
v 183745 -106293991 40075932
v 183748 -106295979 40072880
v 183747 -106296077 40072615
v 183757 -106294738 40066208
v 183760 -106293786 40063942
v 183935 -106291868 40061345
v 183971 -106290728 40058063
v 183895 -106289560 40054697
v 183894 -106289560 40054237
v 183897 -106289560 40054057
v 183896 -106289663 40053833
v 183803 -106290979 40052376
v 183802 -106292747 40051128
v 183804 -106290871 40051151
v 183947 -106290480 40051105
v 183811 -106289177 40050650
v 183810 -106273337 40046067
v 183910 -106269386 40043882
v 183828 -106268616 40043586
v 183827 -106251033 40039970
v 184100 -106244227 40037356
v 184099 -106225764 40032222
v 184101 -106220165 40028906
v 184199 -106223043 40024200
v 184117 -106231853 40015776
v 184116 -106233665 40007553
v 184123 -106233065 40006608
v 184121 -106227414 40004580
v 184122 -106227232 40004291
v 184119 -106221850 40006275
v 184136 -106207265 39999721
v 187982 -106205357 39999729
v 187983 -106202348 39999742
v 187921 -106188615 39999805
v 187792 -106184406 39999824
v 187791 -106174069 39990315
v 187804 -106173899 39981831
v 187803 -106173892 39981619
v 187813 -106173536 39978301
v 187827 -106172024 39972676
v 187826 -106171989 39972580
v 187831 -106166785 39971413
v 187847 -106172409 39959491
v 187882 -106173387 39958247
v 187881 -106171521 39937249
v 187887 -106170124 39935121
v 187895 -106165698 39927958
v 187934 -106159412 39918138
v 187906 -106157974 39916121
v 187905 -106157500 39915416
v 187903 -106146416 39915642
v 187904 -106130646 39924415
v 187961 -106126727 39924827
v 187962 -106125926 39925126
v 188021 -106121357 39924100
v 188065 -106121083 39923901
v 188028 -106118608 39922377
v 188026 -106115318 39918634
v 188057 -106115169 39918131
v 188030 -106114744 39917623
v 188029 -106111928 39915020
v 188032 -106106322 39910341
v 188031 -106103277 39908158
v 188041 -106097122 39899991
v 188056 -106092419 39885449
v 188080 -106086714 39867763
v 188083 -106084663 39863667
v 188084 -106083505 39862707
v 188107 -106064786 39840807
v 188106 -106061590 39832091
v 188133 -106051607 39814643
v 188132 -106050423 39812460
v 188135 -106046073 39808474
v 188115 -106034648 39799018
v 188113 -106031864 39797899
v 188117 -106030039 39797539
v 188116 -106029195 39797372
v 188118 -106025783 39796936
v 188122 -106025097 39796849
v 188120 -106023440 39796638
v 188125 -106000572 39792715
v 188265 -105988499 39790641
v 188266 -105921340 39779091
v 188267 -105917520 39778436
v 188268 -105909534 39777067
v 188269 -105897609 39775024
v 73064 -105889638 39773658
v 73065 -105864880 39781231
v 73102 -105864030 39779026
v 73072 -105855116 39771522
v 73071 -105855115 39770959
v 73073 -105850462 39770630
v 73070 -105822879 39771996
v 73069 -105820952 39771585
v 73076 -105815050 39769800
v 73132 -105809386 39770792
v 73131 -105809087 39770810
v 73134 -105804042 39772109
v 73133 -105801300 39773236
v 73118 -105800091 39773734
v 73094 -105783750 39776303
v 73093 -105783370 39776244
v 73113 -105773772 39774515
v 73112 -105769500 39773746
v 73111 -105767845 39773425
v 73105 -105766239 39773174
v 73104 -105754856 39768734
v 73166 -105744668 39764935
v 73175 -105720528 39762518
v 75569 -105717239 39761908
v 75570 -105715288 39761845
v 73185 -105714888 39761842
v 73184 -105713530 39761833
v 73188 -105712848 39761824
v 73187 -105711839 39761811
v 73190 -105705494 39761789
v 73269 -105704597 39761769
v 73200 -105700324 39761471
v 73199 -105699029 39761378
v 73194 -105697102 39761470
v 73195 -105689587 39761533
v 73340 -105689089 39761537
v 73306 -105686941 39761556
v 73142 -105685777 39761548
v 73270 -105685166 39761508
v 73202 -105684802 39761452
v 73201 -105684296 39761356
v 73205 -105683344 39761161
v 73208 -105682934 39761089
v 73207 -105682157 39760966
v 73211 -105680894 39760736
v 73213 -105679548 39760463
v 73223 -105678124 39760188
v 73222 -105678095 39760119
v 73335 -105677777 39760088
v 75574 -105667420 39759958
v 75316 -105665269 39759655
v 73227 -105664467 39759542
v 73226 -105659978 39759865
v 73193 -105654046 39761625
v 73183 -105652000 39761945
v 73197 -105648294 39761463
v 73198 -105637173 39763450
v 73260 -105635809 39763793
v 75427 -105635726 39763811
v 73482 -105626658 39766292
v 73428 -105613579 39765577
v 73375 -105601738 39764534
v 73374 -105600151 39764187
v 73376 -105599261 39764095
v 73363 -105598164 39764004
v 73341 -105597541 39764050
v 73342 -105594398 39764349
v 73390 -105577254 39762722
v 73389 -105576842 39762567
v 73436 -105563797 39756263
v 73405 -105558651 39755656
v 73404 -105558161 39755656
v 73410 -105556867 39755192
v 73409 -105553447 39752383
v 74053 -105540434 39746090
v 74061 -105536611 39744601
v 74067 -105534773 39744418
v 74540 -105534065 39744202
v 74541 -105532857 39743914
v 74510 -105527978 39743052
v 74167 -105526155 39742749
v 74511 -105526139 39742889
v 74127 -105524693 39742768
v 74126 -105523715 39742631
v 74137 -105522707 39742470
v 74138 -105521729 39742241
v 74140 -105520573 39742149
v 74144 -105519565 39742011
v 74155 -105518320 39741851
v 74153 -105517164 39741919
v 74146 -105516097 39741964
v 74142 -105515030 39742055
v 74141 -105514259 39742078
v 74419 -105513823 39742100
v 74382 -105512295 39742178
v 74381 -105512036 39742192
v 75322 -105511490 39742152
v 74149 -105509862 39742034
v 74148 -105509487 39742007
v 74368 -105508983 39741961
v 74366 -105507500 39742006
v 74365 -105506613 39741873
v 74162 -105504596 39741570
v 74163 -105502172 39741569
v 74609 -105499752 39741488
v 74628 -105497752 39741788
v 74636 -105494551 39741988
v 74618 -105494471 39741988
v 74632 -105493851 39741988
v 74637 -105492812 39742369
v 74638 -105491151 39743088
v 74620 -105489852 39743624
v 74621 -105488582 39744247
v 75307 -105488455 39744316
v 75303 -105488311 39744376
v 75302 -105486913 39744859
v 74643 -105484920 39744327
v 74644 -105477515 39744261
v 74645 -105476399 39744432
v 74647 -105473362 39744885
v 74652 -105465299 39746522
v 74655 -105464787 39746678
v 74656 -105462916 39746646
v 74657 -105459752 39746201
v 74659 -105458950 39745788
v 74661 -105457743 39745269
v 74664 -105446387 39744229
v 74666 -105438918 39745843
v 74670 -105438050 39746287
v 74671 -105437250 39746587
v 74672 -105435750 39746587
v 74676 -105434538 39745883
v 74675 -105434460 39745832
v 74678 -105431319 39742572
v 74687 -105419438 39736441
v 74706 -105406805 39743087
v 74707 -105401813 39746872
v 74708 -105400758 39747067
v 74711 -105397949 39746581
v 226672 -105397760 39746484
v 205866 -105397601 39746378
v 205818 -105396736 39745257
v 205817 -105379980 39736512
v 205816 -105379935 39736487
v 205815 -105331947 39741787
v 205834 -105318847 39737487
v 205833 -105308391 39747134
v 205832 -105308316 39747183
v 206021 -105299146 39743687
v 209625 -105240644 39753987
v 209600 -105240424 39754008
v 209599 -105236723 39754552
v 205628 -105236293 39754689
v 205629 -105234492 39755379
v 205993 -105231114 39757296
v 205992 -105230028 39757893
v 231312 -105228983 39758529
v 209607 -105227968 39759147
v 209608 -105226983 39759746
v 209672 -105226016 39760510
v 209588 -105224944 39760887
v 209589 -105223444 39761287
v 209684 -105223044 39761287
v 209711 -105221206 39761190
v 209715 -105220664 39761395
v 210177 -105218480 39762340
v 210178 -105216452 39763218
v 210179 -105214443 39764087
v 210180 -105211843 39765087
v 226065 -105210095 39765986
v 210288 -105200643 39769887
v 210278 -105200143 39769887
v 210269 -105198962 39769808
v 210254 -105198643 39769787
v 210266 -105196343 39770287
v 210265 -105194043 39770787
v 210270 -105192943 39770987
v 210293 -105190137 39771284
v 210300 -105188743 39771687
v 210301 -105182542 39773787
v 210302 -105177242 39775487
v 210473 -105174726 39776115
v 210202 -105174635 39776138
v 210201 -105173464 39776087
v 210200 -105173242 39776087
v 210199 -105172042 39776087
v 210198 -105171642 39776087
v 210522 -105170842 39776087
v 210525 -105169591 39776190
v 210523 -105165342 39776087
v 210544 -105162442 39776087
v 210542 -105161442 39776087
v 214443 -105160442 39776087
v 214445 -105159342 39776087
v 210533 -105158409 39776087
v 210518 -105156642 39776087
v 210519 -105145148 39778136
v 226664 -105143750 39778306
v 226665 -105141793 39778371
v 231198 -105141603 39778375
v 231197 -105141229 39778385
v 214535 -105140923 39778568
v 214536 -105140804 39778646
v 214537 -105140454 39778803
v 214538 -105139341 39779286
v 214569 -105137885 39779817
v 214285 -105137271 39780001
v 214283 -105135535 39780658
v 214265 -105134467 39781089
v 214264 -105130847 39782364
v 214279 -105129241 39782986
v 214278 -105127741 39783386
v 214310 -105126262 39783711
v 214314 -105121117 39784206
v 214315 -105121050 39784564
v 214394 -105114348 39784558
v 214393 -105114314 39785605
v 210119 -105111873 39785635
v 210118 -105109565 39786179
v 228746 -105109558 39786509
v 214421 -105109541 39787095
v 211080 -105109491 39787277
v 211079 -105106140 39787941
v 211078 -105105679 39788057
v 216075 -105104870 39788246
v 211077 -105104871 39788458
v 211076 -105104870 39788907
v 216112 -105104871 39789581
v 216111 -105103890 39789619
v 216113 -105102950 39789974
v 216117 -105102010 39790512
v 216118 -105101030 39791191
v 216115 -105100120 39791205
v 216114 -105100121 39791063
v 216132 -105096350 39791060
v 216133 -105095730 39791065
v 216131 -105094868 39791053
v 216316 -105093780 39791054
v 226222 -105092891 39791054
v 216281 -105090820 39791138
v 216280 -105088490 39791134
v 216303 -105086111 39791115
v 216750 -105083749 39791111
v 216749 -105082630 39791100
v 213172 -105081330 39791085
v 213171 -105080641 39791091
v 213170 -105079235 39791107
v 216818 -105078861 39791108
v 216817 -105076609 39791111
v 216894 -105075511 39791099
v 216849 -105074459 39791088
v 216847 -105073784 39791195
v 216883 -105070681 39791091
v 216882 -105068722 39791106
v 226427 -105067932 39791106
v 226428 -105067854 39791106
v 226422 -105066686 39790958
v 226421 -105065839 39790986
v 217036 -105064675 39790986
v 111109 -105064542 39790986
v 111108 -105064158 39791107
v 111107 -105063756 39790986
v 111110 -105063303 39790986
v 229365 -105062483 39791363
v 229366 -105061790 39791861
v 229367 -105060207 39792851
v 218613 -105058927 39793773
v 218611 -105057037 39794657
v 218612 -105056474 39794924
v 218614 -105055267 39795497
v 13153 -105053390 39796155
v 7190 -105050099 39796676
v 7191 -105046232 39797127
v 7984 -105044101 39797397
v 7214 -105041989 39797614
v 7212 -105034804 39798451
v 13147 -105032892 39798706
v 13149 -105029983 39799093
v 13148 -105027733 39799404
v 13150 -105025437 39799744
v 7460 -105021899 39800930
v 7457 -105017304 39803071
v 7418 -105016911 39803282
v 7419 -105015293 39804153
v 7414 -105013989 39805389
v 7413 -105013937 39805386
v 16688 -105009879 39808049
v 7423 -105006637 39809802
v 16687 -104998726 39810269
v 7677 -104996936 39810634
v 7688 -104991347 39812886
v 16497 -104991256 39812946
v 7714 -104987692 39814917
v 7717 -104985036 39816386
v 7716 -104983436 39817486
v 7826 -104981536 39818286
v 7827 -104978235 39820486
v 7835 -104974435 39821586
v 5854 -104973535 39821786
v 5855 -104968835 39822509
v 7842 -104966024 39822941
v 7849 -104964435 39823186
v 7892 -104963435 39823386
v 7891 -104962335 39823486
v 7889 -104960035 39824086
v 7890 -104959335 39824286
v 7914 -104955581 39824755
v 7915 -104948934 39825586
v 9051 -104945834 39827386
v 9741 -104944134 39828986
v 9772 -104943334 39829786
v 9069 -104941434 39830986
v 9071 -104939834 39832486
v 9072 -104936034 39835386
v 9073 -104934491 39836585
v 9074 -104934234 39836785
v 9152 -104931711 39838653
v 9153 -104931533 39838785
v 9075 -104931347 39838932
v 9076 -104928633 39841085
v 9119 -104925233 39844185
v 9118 -104924033 39845385
v 9135 -104923433 39845785
v 9140 -104919233 39851285
v 14306 -104914233 39856385
v 14303 -104914146 39856480
v 9102 -104914017 39856620
v 9099 -104913080 39857651
v 9100 -104911132 39859885
v 9101 -104901432 39870885
v 14275 -104897839 39874411
v 14276 -104896032 39876185
v 9575 -104892875 39877806
v 9574 -104888084 39880258
v 13115 -104886418 39880768
v 13114 -104886161 39880847
v 9513 -104884651 39880960
v 9512 -104883031 39881085
v 9498 -104882951 39881093
v 9499 -104882031 39881185
v 14422 -104881021 39881339
v 9507 -104875016 39882257
v 9508 -104874831 39882285
v 9509 -104868130 39885385
v 13117 -104865430 39886928
v 13118 -104865330 39886985
v 9547 -104860892 39889371
v 9548 -104856030 39891985
v 9542 -104855330 39892385
v 9543 -104853030 39893585
v 11660 -104848830 39895885
v 11662 -104846529 39897085
v 11651 -104841629 39899585
v 11649 -104836571 39902245
v 11650 -104830029 39905685
v 11694 -104827829 39906785
v 11693 -104825929 39907885
v 11692 -104825029 39908485
v 11699 -104823828 39909285
v 11697 -104823442 39909478
v 11689 -104821728 39910585
v 11690 -104820628 39911484
v 11698 -104819628 39912184
v 11700 -104818728 39912884
v 11225 -104818228 39913184
v 11224 -104816928 39913984
v 14443 -104816540 39914173
v 11705 -104816255 39914312
v 11704 -104816035 39914419
v 14201 -104815897 39914531
v 11718 -104813907 39916135
v 11703 -104808764 39920281
v 11702 -104806528 39922084
v 11206 -104802415 39925724
v 11205 -104791727 39935184
v 11453 -104791427 39935284
v 11449 -104790127 39936484
v 11443 -104784827 39942984
v 1072 -104780426 39946584
v 458 -104779685 39947186
v 11461 -104767626 39956984
v 11476 -104767026 39957484
v 11467 -104763026 39961484
v 11242 -104751925 39972483
v 11466 -104751577 39972483
v 11531 -104748158 39972483
v 11483 -104746925 39972483
v 930 -104746803 39972483
v 931 -104746325 39972483
v 433 -104745666 39972483
v 434 -104744325 39972483
v 413 -104741901 39972459
v 414 -104734324 39972383
v 11506 -104725724 39972583
v 11527 -104715723 39972683
v 11528 -104714623 39972783
v 11537 -104710523 39972683
v 11538 -104708523 39972783
v 11575 -104698423 39972983
v 11588 -104696222 39972983
v 11591 -104679422 39972883
v 11601 -104670884 39972815
v 82 -104662054 39972745
v 83 -104655030 39972689
v 91 -104641720 39972583
v 11610 -104632520 39972483
v 760 -104622819 39972483
v 45 -104616530 39972195
v 44 -104615199 39972134
v 127 -104609770 39971983
v 761 -104604118 39971983
v 3920 -104588569 39971883
v 11569 -104585517 39971883
v 11568 -104574817 39971783
v 12868 -104566717 39971783
v 12884 -104567016 39986383
v 12858 -104563168 39986352
v 12857 -104548316 39986183
v 12879 -104531315 39986083
v 809 -104529315 39986083
v 808 -104520815 39985993
v 12880 -104519914 39985983
v 12881 -104510414 39985983
v 803 -104489983 39984838
v 801 -104481891 39984795
v 802 -104473389 39984816
v 915 -104471152 39984822
v 807 -104466468 39984829
v 796 -104452439 39984848
v 794 -104433519 39984849
v 793 -104425989 39984793
v 805 -104414658 39984709
v 925 -104403936 39984655
v 927 -104395804 39984614
v 926 -104395471 39984612
v 929 -104387912 39984636
v 816 -104385117 39984645
v 810 -104376520 39984672
v 811 -104358494 39984771
v 817 -104354515 39984791
v 831 -104339633 39984868
v 824 -104330744 39984934
v 822 -104320862 39985008
v 823 -104306029 39985169
v 834 -104301883 39985214
v 835 -104277415 39985402
v 842 -104275792 39985414
v 841 -104264161 39985455
v 1091 -104255864 39985486
v 1089 -104245568 39985498
v 855 -104239843 39985639
v 854 -104236941 39985616
v 852 -104207878 39985761
v 865 -104188117 39985886
v 867 -104170149 39986060
v 1201 -104151296 39986168
v 1202 -104145337 39985821
v 1206 -104122173 39986085
v 1214 -104117700 39986078
v 1312 -104114200 39986073
v 1338 -104103266 39986131
v 877 -104095757 39986171
v 876 -104095162 39986056
v 874 -104077433 39987272
v 875 -104077050 40001035
v 895 -104069819 40001013
v 894 -104069695 40000981
v 893 -104066814 40001045
v 905 -104063482 40001082
v 906 -104062487 40001090
v 872 -104057977 40001128
v 871 -104057635 39993872
v 907 -104057619 39993085
v 908 -104057294 39986037
v 909 -104056998 39971575
v 899 -104038291 39971618
v 897 -104026811 39971386
v 898 -104007047 39971257
v 46 -104003696 39971374
v 47 -103999955 39971582
