v 98763 -122999400 38962097
v 98735 -122997236 38964746
v 98762 -122994646 38968845
v 98760 -122992596 38970873
v 98757 -122996098 38973126
v 98756 -122993519 38974310
v 98754 -122992263 38976473
v 98753 -122991228 38980965
v 98752 -122989429 38981875
v 80216 -122986728 38983833
v 80140 -122982685 38987981
v 80132 -122982777 38988998
v 80213 -122982065 38990925
v 80214 -122967724 38990624
v 80193 -122967080 38991001
v 80210 -122959504 38993419
v 80211 -122958771 38993630
v 80217 -122955171 38993949
v 80238 -122940367 38994934
v 80120 -122935557 38995735
v 80122 -122934473 38995464
v 79910 -122927730 38993349
v 80189 -122927377 38993489
v 80190 -122925964 38994439
v 80113 -122913850 38999487
v 80191 -122912436 38998496
v 80259 -122912265 38996850
v 80258 -122907800 38996998
v 80116 -122902177 38997152
v 80114 -122894052 38997375
v 80123 -122894025 38993667
v 80275 -122892435 38993662
v 80125 -122889521 38993653
v 80124 -122884726 38993640
v 80126 -122882409 38993616
v 80129 -122879811 38993599
v 80127 -122878479 38993591
v 80198 -122878330 38993526
v 80673 -122875520 38992302
v 80649 -122864494 38987444
v 80393 -122861142 38985968
v 80392 -122856801 38984055
v 80398 -122853984 38982499
v 80625 -122852874 38981862
v 80474 -122843337 38976208
v 80473 -122842457 38975750
v 80477 -122842046 38975567
v 80497 -122838997 38974584
v 80498 -122838533 38974450
v 80653 -122836993 38973943
v 84471 -122835470 38973414
v 80508 -122834707 38973116
v 80507 -122832627 38972314
v 80760 -122830366 38970806
v 80524 -122829054 38969596
v 80523 -122828380 38968749
v 80525 -122828321 38968451
v 80782 -122828321 38967912
v 80530 -122828354 38967506
v 80528 -122828409 38967307
v 80852 -122828521 38962507
v 80549 -122827741 38956955
v 80548 -122825738 38950416
v 80554 -122825268 38945128
v 80563 -122818866 38940991
v 80876 -122815136 38938872
v 80878 -122809057 38932135
v 80579 -122804556 38924962
v 80578 -122803729 38922491
v 80588 -122801262 38915869
v 80586 -122799013 38914595
v 80921 -122794180 38908689
v 80604 -122793234 38903813
v 80603 -122790961 38898022
v 80610 -122786072 38892025
v 80958 -122785951 38891706
v 80614 -122785606 38889300
v 80613 -122785751 38888980
v 80955 -122785720 38886725
v 80954 -122785546 38885882
v 84717 -122785185 38885102
v 84840 -122782248 38881439
v 80965 -122780278 38879695
v 80624 -122776899 38877247
v 80623 -122774131 38875495
v 84715 -122771258 38873079
v 83176 -122770065 38872994
v 83175 -122767136 38870161
v 83177 -122768132 38869245
v 84718 -122766779 38867459
v 84841 -122766484 38867237
v 83201 -122764626 38864045
v 83200 -122762102 38861029
v 83215 -122762190 38859497
v 83214 -122762172 38858095
v 83182 -122761995 38857001
v 83180 -122759798 38855851
v 83186 -122756666 38851618
v 83185 -122756639 38851478
v 83192 -122756787 38849258
v 83190 -122756700 38848891
v 84987 -122756482 38848627
v 84986 -122756123 38848338
v 83229 -122755700 38847997
v 83228 -122754288 38846903
v 83231 -122753383 38846411
v 83517 -122752361 38845978
v 84989 -122751235 38845676
v 84988 -122749267 38844045
v 84990 -122748745 38841795
v 83512 -122748346 38841442
v 83510 -122746836 38839218
v 83508 -122745832 38836742
v 83311 -122744994 38836235
v 83310 -122741424 38835916
v 83520 -122736773 38833614
v 83521 -122735305 38832325
v 84760 -122732749 38831605
v 83514 -122730782 38830853
v 83513 -122730089 38830242
v 83527 -122729408 38828943
v 83526 -122729059 38828656
v 83523 -122728300 38827806
v 83522 -122726653 38826292
v 83555 -122723478 38824272
v 83332 -122721478 38823562
v 83330 -122721254 38823380
v 83334 -122720932 38822945
v 83339 -122720317 38822441
v 83352 -122718239 38820016
v 83546 -122717624 38819604
v 83738 -122714958 38817919
v 83358 -122713907 38816263
v 79793 -122711888 38814546
v 79792 -122711629 38813839
v 80208 -122711577 38813617
v 80207 -122711478 38813196
v 80215 -122711097 38812532
v 83362 -122709897 38811022
v 80241 -122709954 38810448
v 80240 -122709458 38809648
v 80315 -122709315 38809038
v 80314 -122707673 38807680
v 80298 -122705788 38805178
v 80270 -122705332 38801730
v 80266 -122705360 38800357
v 80188 -122705913 38799223
v 80187 -122705735 38799022
v 80263 -122703102 38794213
v 80262 -122702711 38793812
v 83365 -122702579 38793696
v 83366 -122700707 38791842
v 83766 -122697402 38792209
v 84843 -122693103 38787517
v 83601 -122689803 38785019
v 83600 -122688191 38783797
v 83375 -122688000 38783599
v 83373 -122685470 38781909
v 83379 -122685224 38781879
v 83378 -122682026 38779200
v 83413 -122680847 38778574
v 83602 -122680514 38778431
v 83608 -122677949 38777121
v 83607 -122676798 38776690
v 85113 -122672494 38774842
v 85114 -122670968 38774515
v 83415 -122666207 38773269
v 83414 -122664260 38772238
v 83575 -122643330 38762500
v 83397 -122642290 38761550
v 83396 -122641064 38759169
v 84238 -122639523 38755678
v 84069 -122634777 38748656
v 84068 -122632753 38745291
v 84240 -122632601 38744096
v 84242 -122632793 38743441
v 84241 -122633177 38742785
v 84243 -122630857 38740929
v 84079 -122630094 38740348
v 84078 -122629397 38739791
v 79959 -122629193 38739633
v 79958 -122628801 38739275
v 84081 -122628632 38739121
v 79817 -122627898 38738493
v 84245 -122627381 38738051
v 84244 -122627304 38737985
v 79964 -122626792 38737393
v 79963 -122626589 38737385
v 80790 -122626392 38737377
v 79821 -122625912 38736529
v 79820 -122624481 38734375
v 84250 -122624360 38734193
v 79969 -122622664 38731777
v 84300 -122620720 38728431
v 84299 -122619240 38726577
v 84876 -122618671 38725607
v 84303 -122618211 38723015
v 84302 -122618200 38722913
v 84306 -122618194 38722851
v 84305 -122618136 38722273
v 84308 -122618096 38721974
v 84307 -122618056 38721681
v 84309 -122617528 38718161
v 84312 -122617240 38716817
v 84313 -122614872 38714593
v 84321 -122611281 38711411
v 84320 -122611192 38711329
v 84327 -122610466 38710589
v 84326 -122607911 38707985
v 84385 -122604535 38703649
v 84387 -122604359 38703105
v 79810 -122601927 38700033
v 79809 -122601642 38699851
v 84384 -122598923 38695648
v 79812 -122598807 38695329
v 79811 -122598286 38694381
v 80012 -122591937 38681857
v 80015 -122591508 38681311
v 79814 -122591303 38681057
v 79813 -122590894 38680519
v 84390 -122592195 38675805
v 100105 -122590262 38666657
v 99759 -122596595 38640206
v 99758 -122592794 38604607
v 99803 -122587394 38602507
v 99842 -122583594 38597907
v 99843 -122581994 38595507
v 99845 -122577494 38588907
v 99892 -122576394 38583507
v 99908 -122576494 38582507
v 99901 -122576894 38581607
v 99900 -122577594 38581007
v 99903 -122578294 38580207
v 99904 -122579094 38578607
v 99940 -122579694 38577207
v 99934 -122579894 38576807
v 99936 -122580194 38576007
v 99937 -122580494 38575007
v 99939 -122579994 38574907
v 99951 -122578894 38574507
v 99986 -122569093 38571107
v 99987 -122567301 38570083
v 105459 -122566212 38568657
v 105457 -122565972 38568253
v 99989 -122565293 38567107
v 99988 -122563493 38566407
v 99992 -122561070 38565702
v 99991 -122557993 38564807
v 100000 -122553994 38564293
v 100005 -122551193 38563807
v 100008 -122549933 38563594
v 100007 -122544693 38562707
v 100010 -122540592 38561707
v 100012 -122538292 38560907
v 100017 -122533736 38557973
v 100016 -122531883 38556882
v 100022 -122530092 38555907
v 100030 -122525824 38553385
v 100029 -122525692 38553307
v 100031 -122520092 38552407
v 100044 -122515092 38550607
v 100046 -122511077 38547291
v 100045 -122510491 38546807
v 105381 -122509484 38544715
v 105379 -122509071 38543541
v 100049 -122508985 38543136
v 100048 -122508491 38540807
v 105382 -122507904 38538958
v 105383 -122507444 38537508
v 105384 -122507191 38536708
v 105385 -122506175 38535638
v 105386 -122504757 38533640
v 100051 -122503044 38530214
v 100050 -122502791 38529708
v 100125 -122498847 38526843
v 100124 -122496491 38523408
v 100180 -122495997 38522952
v 100179 -122495191 38522208
v 100182 -122493991 38521108
v 100184 -122492191 38519808
v 100186 -122487636 38517195
v 100185 -122486091 38516308
v 103349 -122485702 38515972
v 100188 -122485451 38515754
v 100187 -122478691 38509908
v 100216 -122477891 38509408
v 100217 -122476491 38508608
v 105463 -122476162 38508433
v 100254 -122475160 38507898
v 100250 -122474991 38507808
v 100258 -122474819 38507703
v 100261 -122474191 38507308
v 100272 -122473596 38506970
v 100273 -122473291 38506808
v 100276 -122471991 38506008
v 100281 -122470391 38505108
v 100522 -122468814 38504172
v 100527 -122468059 38503744
v 100536 -122466891 38503108
v 100537 -122466591 38502908
v 100539 -122465991 38502408
v 100540 -122464764 38501426
v 100720 -122464491 38501208
v 100722 -122463591 38500308
v 100725 -122461977 38498949
v 100724 -122461690 38498708
v 100726 -122461490 38498508
v 100729 -122460090 38497308
v 100736 -122458744 38496180
v 100737 -122458018 38495588
v 100755 -122455890 38493709
v 100756 -122453917 38492050
v 100758 -122450953 38489512
v 100764 -122449823 38488562
v 100765 -122448762 38487712
v 100767 -122445990 38485209
v 100768 -122442590 38482509
v 100799 -122438332 38478917
v 100803 -122436190 38477109
v 100805 -122432890 38472609
v 100813 -122431859 38471119
v 100812 -122431090 38470009
v 100814 -122430090 38468609
v 100815 -122425659 38462235
v 100817 -122422690 38458609
v 100816 -122421190 38457109
v 100820 -122416889 38452310
v 100853 -122414789 38450010
v 100865 -122402589 38436810
v 100872 -122400389 38434310
v 100875 -122397765 38431258
v 100874 -122391189 38423610
v 100879 -122390189 38422510
v 105258 -122387478 38418973
v 105246 -122385677 38416623
v 105245 -122385172 38415964
v 100884 -122384483 38415066
v 100883 -122381988 38411811
v 100885 -122368788 38406211
v 100969 -122365264 38403159
v 100976 -122361188 38399511
v 101058 -122359288 38397611
v 101064 -122358088 38396611
v 101073 -122356788 38395611
v 101075 -122354096 38391831
v 101102 -122349387 38385211
v 101106 -122338987 38366912
v 101139 -122337887 38364912
v 101145 -122337487 38364112
v 101146 -122331387 38352712
v 101299 -122326286 38342713
v 101298 -122324112 38339264
v 101361 -122321886 38335813
v 101453 -122320587 38334232
v 101452 -122317286 38330213
v 101921 -122314086 38326713
v 101951 -122309185 38320813
v 102143 -122307585 38321113
v 102144 -122307285 38319313
v 102145 -122307085 38318713
v 102146 -122306085 38317113
v 102148 -122305585 38317313
v 102307 -122302485 38316413
v 102344 -122300585 38314913
v 102345 -122299585 38315013
v 102312 -122299101 38315193
v 102322 -122297985 38315313
v 102378 -122297385 38315413
v 102381 -122296785 38315513
v 102382 -122296185 38313314
v 102385 -122294985 38313414
v 102395 -122294585 38312114
v 102396 -122293585 38308614
v 102494 -122292685 38308714
v 102493 -122292485 38308814
v 102496 -122291685 38308814
v 102707 -122290885 38307914
v 102709 -122289885 38306714
v 102715 -122288785 38305314
v 102726 -122288185 38304714
v 102729 -122287685 38304014
v 102730 -122287084 38303314
v 102759 -122286484 38302614
v 102801 -122285902 38301947
v 102802 -122285753 38302029
v 102804 -122285184 38301314
v 102805 -122284084 38299914
v 102908 -122283698 38299554
v 104720 -122283290 38299174
v 102812 -122282884 38298814
v 102811 -122282684 38298314
v 102817 -122281084 38296214
v 103531 -122280884 38295914
v 103536 -122280684 38295714
v 103539 -122280384 38295314
v 103540 -122279884 38294514
v 103543 -122279168 38293530
v 103542 -122278284 38292314
v 103585 -122275684 38288014
v 103590 -122274984 38286314
v 103597 -122274884 38285414
v 103646 -122274684 38282214
v 103651 -122274584 38280815
v 103650 -122274384 38280215
v 103653 -122274384 38279715
v 103654 -122274084 38277815
v 103655 -122272284 38270215
v 103704 -122272083 38268815
v 103705 -122271183 38263115
v 103707 -122271183 38262815
v 103708 -122271483 38257615
v 103722 -122271723 38252091
v 103723 -122271563 38251643
v 103726 -122271401 38251164
v 103753 -122268571 38242780
v 103754 -122267583 38240316
v 103758 -122262827 38236028
v 104292 -122260883 38234316
v 104295 -122260486 38233588
v 104294 -122258582 38227516
v 104299 -122258082 38223716
v 104302 -122258082 38223116
v 104303 -122257982 38222516
v 104305 -122257641 38219819
v 104304 -122256882 38213816
v 104311 -122256782 38210816
v 104313 -122256582 38207017
v 103526 -122256571 38206928
v 104314 -122256490 38206269
v 104316 -122256502 38204757
v 104315 -122256582 38195117
v 104319 -122256482 38190617
v 104337 -122256266 38189741
v 104338 -122256282 38189317
v 104344 -122255682 38184717
v 104353 -122254982 38179217
v 104387 -122254782 38177317
v 104389 -122254782 38177017
v 104403 -122253481 38171417
v 104407 -122253459 38171291
v 104478 -122253114 38169308
v 104405 -122253096 38169204
v 104404 -122253081 38169118
v 104428 -122252981 38165618
v 105535 -122253093 38164330
v 104480 -122253167 38163479
v 104479 -122253181 38163318
v 104461 -122253481 38158118
v 104487 -122253881 38154918
v 271470 -122253981 38153818
v 271512 -122253181 38153918
v 271514 -122252825 38150142
v 271783 -122252181 38141018
v 271786 -122252281 38139718
v 271787 -122252281 38137818
v 271790 -122252281 38136518
v 271808 -122252281 38136218
v 271809 -122252281 38133818
v 271811 -122252281 38133633
v 271812 -122252281 38133418
v 271813 -122252381 38132818
v 271814 -122252181 38131119
v 271818 -122252081 38130319
v 271875 -122251481 38127919
v 271884 -122251481 38127419
v 268277 -122250981 38126619
v 268276 -122248881 38122219
v 268291 -122248681 38120719
v 268292 -122248581 38119619
v 268294 -122248281 38118319
v 268296 -122248281 38116819
v 268536 -122248281 38116019
v 268538 -122248281 38115319
v 268539 -122248381 38114519
v 268544 -122248380 38113619
v 268545 -122248380 38113019
v 268546 -122248380 38111919
v 268547 -122248480 38111119
v 268565 -122248480 38109819
v 268569 -122248480 38108819
v 268570 -122248480 38107819
v 268574 -122248580 38106819
v 268576 -122248580 38106319
v 268572 -122248480 38105819
v 268579 -122247980 38105719
v 268580 -122247980 38104619
v 268657 -122247980 38103919
v 268658 -122247980 38103019
v 268660 -122247980 38102119
v 268662 -122248080 38101119
v 268664 -122248180 38100119
v 268665 -122248180 38099119
v 268667 -122248180 38098219
v 268679 -122248180 38097726
v 268677 -122248180 38097119
v 268684 -122248176 38096291
v 268681 -122248380 38096119
v 268683 -122247280 38095019
v 268726 -122246480 38094119
v 268729 -122245259 38092810
v 269924 -122245115 38092556
v 269925 -122244180 38091419
v 269940 -122243002 38090175
v 269942 -122241679 38088790
v 269947 -122240480 38087520
v 269968 -122239280 38086120
v 269999 -122237705 38084482
v 270005 -122236780 38083520
v 270006 -122235680 38081620
v 270014 -122233280 38077820
v 270165 -122233680 38077520
v 270168 -122232180 38076020
v 270186 -122231232 38075256
v 270189 -122227620 38070097
v 270311 -122226179 38065120
v 42819 -122225979 38061020
v 42820 -122225579 38056320
v 42827 -122225679 38055820
v 42826 -122225989 38054848
v 42828 -122226327 38054038
v 42873 -122226555 38053531
v 42882 -122226232 38053610
v 42883 -122225779 38053720
v 42884 -122225355 38053776
v 42885 -122225279 38053120
v 42886 -122225279 38052520
v 42892 -122224679 38052420
v 42903 -122223779 38052520
v 42910 -122222979 38052420
v 42914 -122221079 38052420
v 42922 -122220643 38047949
v 42942 -122216179 38042221
v 42943 -122215579 38036721
v 43305 -122215779 38036221
v 43306 -122204578 38027921
v 43373 -122190778 38016521
v 43375 -122190301 38015761
v 43400 -122188774 38016405
v 43401 -122188078 38016621
v 43410 -122183791 38016167
v 43409 -122177577 38014821
v 50343 -122148476 37999821
v 72733 -122147545 37999228
v 50404 -122145898 37997167
v 50403 -122145843 37997089
v 50349 -122145644 37996805
v 50348 -122144576 37995122
v 50426 -122134176 37989922
v 50425 -122131866 37990387
v 50431 -122130376 37990722
v 50432 -122130076 37990222
v 50838 -122129976 37989922
v 50840 -122128570 37987127
v 50864 -122128376 37986722
v 50865 -122127876 37986022
v 50866 -122126476 37983722
v 50873 -122123375 37983022
v 50951 -122122941 37983051
v 50952 -122121875 37983122
v 50953 -122115881 37981596
v 50980 -122110775 37976422
v 51501 -122109775 37975522
v 51509 -122109026 37974607
v 70747 -122108978 37974549
v 51510 -122108875 37974422
v 51511 -122108323 37973686
v 70748 -122107215 37972208
v 51535 -122106175 37970822
v 51549 -122104275 37969922
v 51550 -122103987 37969850
v 51551 -122102675 37969522
v 51546 -122102275 37969422
v 51552 -122100435 37967877
v 51693 -122098575 37965722
v 51694 -122097175 37963722
v 51869 -122095995 37961991
v 51898 -122095675 37961522
v 51899 -122095375 37961222
v 51911 -122095001 37960755
v 51918 -122094175 37959722
v 51919 -122094127 37959579
v 51920 -122093975 37959122
v 51921 -122093675 37958922
v 51976 -122092475 37957722
v 51963 -122091674 37957022
v 52007 -122091574 37956622
v 51914 -122091374 37956422
v 52011 -122090674 37955622
v 74582 -122089725 37955105
v 52014 -122088783 37954591
v 52013 -122088474 37954422
v 52042 -122087974 37954022
v 52045 -122087674 37953722
v 52040 -122086274 37952822
v 52550 -122085074 37951923
v 52552 -122084474 37951523
v 52629 -122084274 37951223
v 52630 -122083874 37950623
v 52644 -122083114 37949103
v 52643 -122082974 37948823
v 52650 -122082603 37948081
v 52649 -122082474 37947823
v 52656 -122082474 37947123
v 52659 -122082374 37946023
v 52661 -122082374 37944423
v 52688 -122082330 37943934
v 52687 -122082274 37943323
v 52689 -122081774 37943323
v 52692 -122079974 37943323
v 52735 -122079474 37943323
v 52738 -122079368 37942545
v 52740 -122079174 37941123
v 52743 -122079274 37940123
v 52747 -122079274 37938023
v 53705 -122078174 37937223
v 53707 -122078074 37936523
v 53709 -122077974 37935723
v 53717 -122078074 37934423
v 53721 -122078174 37933623
v 53724 -122077474 37933523
v 53733 -122077074 37933523
v 53736 -122076274 37933523
v 53915 -122073674 37933623
v 53916 -122073774 37933223
v 53918 -122073674 37932823
v 53755 -122073774 37932323
v 53929 -122073674 37931423
v 53930 -122073674 37930723
v 53931 -122073674 37930023
v 53759 -122073574 37929523
v 53932 -122073574 37928523
v 53933 -122073674 37928023
v 53934 -122073574 37927523
v 53854 -122073574 37926123
v 54011 -122073674 37924623
v 53856 -122073674 37923823
v 54012 -122073815 37922267
v 53858 -122073874 37921623
v 53894 -122073974 37919323
v 70833 -122073863 37918824
v 54049 -122073774 37918423
v 54048 -122073774 37917923
v 54051 -122073474 37917123
v 54064 -122072974 37914423
v 54071 -122072474 37913623
v 54070 -122071774 37912424
v 54343 -122071274 37911724
v 54357 -122070874 37911024
v 72070 -122070436 37910524
v 72072 -122069805 37909720
v 54370 -122069760 37909653
v 54369 -122069374 37909324
v 54367 -122070074 37905624
v 54386 -122069825 37905475
v 54385 -122069574 37905324
v 54391 -122070474 37901824
v 54398 -122070574 37901224
v 54395 -122070674 37900924
v 54397 -122070745 37900151
v 54469 -122070797 37899513
v 54470 -122070874 37898824
v 54471 -122070639 37897172
v 54476 -122070344 37896444
v 54477 -122068964 37895196
v 54483 -122068279 37894732
v 54303 -122066610 37893737
v 54304 -122066074 37893424
v 54568 -122065509 37893189
v 54580 -122064874 37892924
v 54581 -122064168 37892446
v 54584 -122063328 37892128
v 54586 -122062273 37891724
v 54592 -122061600 37891438
v 59395 -122060773 37890924
v 59401 -122060142 37890552
v 59407 -122059673 37890224
v 59409 -122057473 37888324
v 59423 -122056173 37886924
v 64521 -122054973 37885524
v 64554 -122052373 37882224
v 64564 -122052373 37881624
v 64566 -122051273 37880724
v 64589 -122050373 37879624
v 64594 -122050280 37879438
v 74410 -122050215 37879308
v 64596 -122050173 37879224
v 64597 -122049874 37878791
v 64600 -122049038 37876997
v 74590 -122048423 37875634
v 64661 -122048373 37875524
v 64662 -122047773 37874624
v 64713 -122047473 37873824
v 64714 -122047173 37873424
v 64718 -122046438 37872046
v 64719 -122046373 37871925
v 64721 -122046173 37871625
v 64725 -122044884 37869772
v 64733 -122044573 37869325
v 64734 -122044173 37868625
v 60129 -122043873 37868125
v 64739 -122043599 37867729
v 64740 -122042973 37866825
v 64741 -122042473 37866025
v 64755 -122042373 37865725
v 64757 -122042073 37864925
v 64761 -122041773 37864725
v 64762 -122041573 37864225
v 64763 -122041273 37863825
v 64765 -122040973 37863225
v 64768 -122040773 37862925
v 64769 -122040473 37862625
v 64770 -122039973 37861625
v 64790 -122039473 37860925
v 64792 -122038973 37860225
v 64800 -122038773 37859725
v 64801 -122038473 37859525
v 64802 -122038371 37859270
v 64803 -122038273 37859025
v 64805 -122037873 37858625
v 64806 -122037773 37858225
v 64812 -122037373 37857825
v 64813 -122036973 37857325
v 64814 -122036773 37856925
v 64815 -122036373 37856225
v 64816 -122035673 37855225
v 65166 -122035273 37854725
v 65168 -122034746 37853882
v 65171 -122034272 37853125
v 65172 -122033572 37852125
v 65174 -122032601 37850571
v 65183 -122032550 37850459
v 65184 -122032272 37850025
v 65186 -122031172 37848125
v 65239 -122029872 37846325
v 65240 -122029272 37845625
v 65269 -122028880 37845312
v 65268 -122028772 37845225
v 65272 -122027772 37844225
v 65276 -122026772 37843325
v 64828 -122025963 37842343
v 65278 -122025562 37841855
v 65277 -122025372 37841625
v 65286 -122024972 37841425
v 65290 -122024572 37841025
v 65292 -122024102 37840589
v 65291 -122021872 37838525
v 65386 -122020972 37837725
v 65389 -122020072 37837025
v 65390 -122018972 37836225
v 65436 -122018678 37836029
v 65435 -122018372 37835825
v 65439 -122017272 37835025
v 65440 -122016872 37834625
v 65477 -122016472 37834325
v 65479 -122016241 37834122
v 65478 -122013972 37832125
v 71224 -122013582 37831871
v 71225 -122013293 37831683
v 65490 -122012862 37831403
v 65489 -122011972 37830825
v 65497 -122011472 37830625
v 65499 -122010421 37830019
v 65498 -122008872 37829125
v 65872 -122008472 37828726
v 65874 -122007171 37828126
v 65881 -122006571 37827626
v 65883 -122003871 37825326
v 65905 -122003671 37825126
v 65907 -122002834 37824249
v 65906 -122001571 37822926
v 65980 -122001071 37822526
v 65981 -121999971 37821426
v 66003 -121999371 37821026
v 66002 -121999371 37820326
v 66010 -121998571 37819826
v 66012 -121997771 37819426
v 66129 -121996771 37818826
v 66131 -121996671 37818126
v 66130 -121996671 37817526
v 66132 -121996571 37816526
v 66148 -121996471 37815126
v 66150 -121996171 37813826
v 66154 -121995771 37812726
v 65913 -121995447 37811467
v 66156 -121995171 37810626
v 66234 -121992171 37808426
v 66252 -121991871 37807626
v 66260 -121990971 37805826
v 66280 -121990315 37804216
v 71848 -121989541 37802316
v 66311 -121988771 37800426
v 66266 -121987571 37798426
v 66326 -121984671 37793926
v 62718 -121984486 37793611
v 62690 -121983856 37793703
v 62691 -121983171 37792526
v 66632 -121979741 37786271
v 67031 -121977470 37782127
v 43012 -121976570 37780427
v 43013 -121976258 37779857
v 67043 -121974863 37777294
v 67046 -121973170 37773527
v 67047 -121972170 37771527
v 67254 -121964970 37759927
v 67287 -121961618 37754689
v 70577 -121959376 37751187
v 70578 -121959190 37750897
v 67825 -121956970 37747428
v 67826 -121955790 37745629
v 67988 -121950669 37737828
v 67989 -121950072 37736813
v 67992 -121942069 37725629
v 68340 -121941675 37725160
v 19471 -121940269 37723429
v 19470 -121938869 37721829
v 19476 -121937490 37720122
v 19475 -121936769 37719229
v 33812 -121934979 37717036
v 33814 -121933208 37714866
v 19526 -121933096 37714729
v 19525 -121930730 37711829
v 19447 -121930264 37711258
v 19437 -121929669 37710529
v 19523 -121927769 37711229
v 19627 -121926669 37709729
v 19628 -121925869 37708629
v 19629 -121925669 37708529
v 19968 -121922869 37706329
v 19754 -121920369 37705429
v 19753 -121918527 37704995
v 20018 -121918294 37704934
v 20017 -121917165 37704600
v 20020 -121912455 37703917
v 20021 -121909868 37705229
v 20022 -121908868 37703929
v 716 -121907568 37702229
v 715 -121907176 37701837
v 20172 -121907068 37701729
v 20171 -121906774 37701152
v 20170 -121906068 37700329
v 20345 -121905466 37699689
v 20082 -121905268 37699429
v 20077 -121904368 37698429
v 20350 -121903568 37695930
v 15596 -121901868 37695930
v 15595 -121898168 37695930
v 20348 -121896486 37695930
v 20353 -121894433 37695929
v 20352 -121893368 37695730
v 20366 -121891858 37693702
v 20365 -121891268 37692430
v 20379 -121888970 37691415
v 20380 -121887268 37690030
v 20382 -121885868 37688830
v 39115 -121883531 37688697
v 20687 -121881960 37688607
v 16472 -121880647 37688533
v 16473 -121879640 37688476
v 16493 -121878252 37688386
v 20395 -121877967 37687530
v 20390 -121877467 37686130
v 20385 -121877167 37685230
v 20571 -121875867 37681630
v 20570 -121873667 37681630
v 36710 -121873767 37681330
v 36712 -121873667 37680630
v 20593 -121873167 37680130
v 20594 -121873077 37680100
v 20586 -121872267 37679830
v 20585 -121872067 37679830
v 34107 -121871567 37679530
v 31069 -121871067 37679130
v 31068 -121870567 37678830
v 31067 -121870167 37678430
v 20479 -121869767 37678030
v 20469 -121869167 37677430
v 20470 -121868767 37676730
v 31084 -121867967 37676730
v 31085 -121866967 37676630
v 31081 -121866967 37676030
v 31257 -121865467 37676030
v 20417 -121864882 37675993
v 20416 -121863867 37675930
v 31080 -121860129 37673110
v 31075 -121859586 37672688
v 31074 -121858002 37670708
v 31088 -121857877 37670405
v 31087 -121857731 37670051
v 32271 -121857327 37668586
v 31261 -121856667 37666730
v 31260 -121856167 37665730
v 31268 -121855767 37664730
v 31290 -121854627 37664730
v 31294 -121853467 37664730
v 32332 -121853175 37664730
v 32331 -121852167 37664730
v 36825 -121850588 37664730
v 37088 -121848766 37664730
v 38014 -121846706 37664643
v 38010 -121846295 37664651
v 38009 -121846093 37664655
v 38005 -121844371 37664688
v 37083 -121842166 37664730
v 37081 -121838962 37664728
v 22173 -121838166 37664330
v 22172 -121836308 37662871
v 37892 -121833490 37660634
v 32300 -121824066 37655531
v 32299 -121809528 37653667
v 32298 -121806825 37652681
v 30666 -121805865 37652331
v 30665 -121805037 37651996
v 30663 -121788565 37645331
v 32330 -121786664 37646231
v 32888 -121783264 37648131
v 32889 -121782464 37648631
v 32911 -121782964 37645231
v 32910 -121782654 37645229
v 32880 -121780568 37645215
v 32881 -121768064 37645131
v 32912 -121763564 37637831
v 33154 -121762368 37636706
v 33155 -121758464 37633031
v 33158 -121755663 37629331
v 33159 -121756563 37625731
v 33192 -121756732 37624859
v 33193 -121756863 37624531
v 33194 -121758764 37622531
v 33197 -121759544 37621657
v 33178 -121759464 37620731
v 33179 -121757864 37620431
v 33199 -121755663 37620431
v 33196 -121754163 37620031
v 33187 -121753163 37619531
v 33188 -121752463 37619231
v 33189 -121751963 37619031
v 33190 -121751663 37618831
v 69 -121749189 37616073
v 4 -121747954 37614855
v 3 -121749163 37614888
v 309 -121750370 37614648
v 308 -121746078 37607578
