v 90644 -74007100 40475298
v 86877 -74007106 40471428
v 85181 -74003521 40471896
v 85173 -73999183 40465707
v 84940 -73991582 40451007
v 84938 -73990482 40449807
v 84944 -73991682 40446508
v 84946 -73991882 40446008
v 90642 -73987882 40436608
v 90641 -73984482 40426508
v 85119 -73975582 40399508
v 85118 -73975082 40397109
v 85117 -73975033 40395849
v 85116 -73975882 40396009
v 85120 -73976154 40396077
v 85081 -73976282 40396109
v 85080 -73978182 40396409
v 84942 -73979582 40396509
v 84941 -73980282 40396509
v 85084 -73981682 40397009
v 85085 -73986982 40399409
v 85061 -73987482 40399709
v 85046 -73988910 40400362
v 84978 -73990282 40401208
v 84977 -73991782 40401908
v 84976 -73993282 40402208
v 84962 -73994182 40402408
v 84959 -73994848 40402539
v 85152 -73999182 40403708
v 85153 -74000182 40404408
v 85157 -74002887 40405387
v 86484 -74002900 40405389
v 86483 -74003373 40405363
v 86481 -74003820 40405836
v 87112 -74004362 40406411
v 87098 -74005244 40407454
v 87085 -74005382 40407508
v 87086 -74006483 40407908
v 87087 -74007273 40408222
v 87080 -74009861 40409250
v 87082 -74009983 40409308
v 87083 -74014919 40409979
v 87073 -74015100 40409945
v 86959 -74017702 40409690
v 86958 -74019642 40409883
v 86950 -74020627 40409841
v 86949 -74022483 40410408
v 86951 -74022810 40410540
v 86928 -74023524 40410426
v 86923 -74023541 40410428
v 86922 -74027083 40410608
v 86940 -74028683 40411008
v 86920 -74029983 40411008
v 86918 -74031270 40411403
v 86761 -74032468 40411023
v 86763 -74033010 40411181
v 86749 -74034383 40411508
v 86743 -74036191 40411928
v 86713 -74038183 40412408
v 86646 -74039683 40412808
v 86626 -74041484 40413308
v 82633 -74042584 40413608
v 82636 -74044584 40414008
v 86613 -74047084 40414608
v 86603 -74048984 40415108
v 86607 -74050184 40415408
v 86608 -74050555 40415519
v 80774 -74051184 40415708
v 80775 -74052284 40416008
v 86565 -74053052 40416209
v 86566 -74053884 40416408
v 86583 -74054484 40416508
v 86558 -74055384 40416708
v 86559 -74055667 40416264
v 86560 -74055984 40415608
v 86480 -74057284 40415708
v 86467 -74059184 40415808
v 86461 -74062184 40415708
v 86383 -74064984 40415808
v 86384 -74066184 40416008
v 86386 -74066828 40416016
v 86373 -74069472 40416335
v 86374 -74069484 40416208
v 86349 -74069884 40416308
v 86333 -74070284 40416408
v 86335 -74071184 40416508
v 86334 -74072084 40416708
v 85893 -74073984 40417108
v 85894 -74074536 40417208
v 85895 -74075205 40417330
v 91511 -74076184 40417508
v 86320 -74076984 40417608
v 86324 -74077885 40417708
v 86337 -74078685 40417908
v 86325 -74079585 40418008
v 85889 -74080385 40418208
v 85890 -74081285 40418308
v 86063 -74082085 40418408
v 86076 -74086346 40418900
v 86042 -74087285 40419008
v 85882 -74089785 40419608
v 85881 -74091285 40420208
v 82678 -74094585 40421308
v 82679 -74096985 40422308
v 85616 -74103085 40425808
v 85703 -74104185 40426508
v 85358 -74105671 40427264
v 85359 -74107385 40428407
v 85360 -74108156 40428829
v 85361 -74108832 40429229
v 85362 -74109496 40429659
v 85371 -74109585 40429707
v 85372 -74110185 40430107
v 85373 -74110885 40430507
v 85374 -74111585 40430907
v 83917 -74112324 40431453
v 83916 -74112409 40431516
v 83938 -74114301 40432530
v 85280 -74117819 40433977
v 85281 -74119886 40434107
v 85221 -74120986 40434207
v 85220 -74121772 40434308
v 90450 -74126886 40434707
v 90336 -74127986 40434807
v 90335 -74130086 40435107
v 90337 -74131262 40435251
v 89880 -74132414 40435385
v 89881 -74133701 40435512
v 89870 -74135086 40435707
v 89871 -74137886 40436207
v 89861 -74138986 40436507
v 89855 -74139841 40436736
v 89838 -74140986 40437007
v 89823 -74142486 40437307
v 89781 -74143486 40437507
v 88041 -74144486 40437707
v 88042 -74145380 40437814
v 89780 -74146665 40438063
v 89779 -74146887 40438106
v 89778 -74147779 40438196
v 89777 -74149886 40438407
v 89776 -74150786 40438407
v 89775 -74153487 40438307
v 89774 -74155187 40438207
v 87856 -74158187 40438107
v 87857 -74159187 40438007
v 89305 -74160100 40437990
v 89306 -74161787 40437907
v 89322 -74162964 40437887
v 89341 -74164164 40437820
v 89335 -74166787 40437707
v 89276 -74168887 40437607
v 89254 -74169266 40437580
v 89131 -74171926 40437442
v 89130 -74172238 40437442
v 89172 -74174187 40437607
v 89170 -74175287 40437807
v 89152 -74176187 40438107
v 89154 -74177187 40438307
v 89157 -74179587 40438807
v 88772 -74181501 40437952
v 88791 -74182405 40438132
v 88790 -74183315 40438329
v 88789 -74184387 40438507
v 88699 -74186587 40439007
v 88703 -74187287 40439207
v 88682 -74188040 40439323
v 88678 -74188587 40439407
v 88659 -74192688 40438407
v 88650 -74193588 40438307
v 88638 -74196288 40438107
v 88629 -74197888 40438007
v 88628 -74199073 40437676
v 88474 -74199498 40438262
v 88473 -74200108 40438079
v 88475 -74200862 40437847
v 88464 -74201688 40437607
v 88462 -74203388 40437007
v 88463 -74204222 40436612
v 87734 -74205288 40436107
v 87732 -74207188 40435207
v 87731 -74209388 40434807
v 88063 -74210488 40434907
v 87673 -74213388 40435307
v 87672 -74218276 40436113
v 88035 -74219288 40436507
v 88032 -74221185 40437243
v 87664 -74224888 40438807
v 87665 -74225688 40439507
v 87666 -74227322 40440778
v 87243 -74228389 40441607
v 87215 -74229789 40442707
v 76624 -74232089 40444607
v 76416 -74232289 40444807
v 76414 -74234589 40447307
v 76373 -74235289 40447807
v 76370 -74235789 40448207
v 76366 -74236089 40448507
v 76362 -74236989 40449206
v 75281 -74239173 40451018
v 75280 -74241189 40452706
v 75275 -74241614 40453015
v 75274 -74242889 40454006
v 75261 -74243389 40454406
v 75260 -74244089 40454906
v 75256 -74244289 40455106
v 75255 -74244689 40455406
v 75209 -74245189 40455806
v 75205 -74246289 40456706
v 75200 -74246689 40457006
v 77624 -74247355 40457378
v 75186 -74247784 40457618
v 75178 -74250089 40458906
v 75164 -74251589 40459606
v 75160 -74253489 40460506
v 75159 -74255989 40461706
v 75157 -74256589 40462006
v 75156 -74257389 40462306
v 75155 -74257889 40462506
v 75154 -74258489 40462706
v 75153 -74258589 40462806
v 75152 -74258789 40462906
v 75150 -74259189 40463106
v 75149 -74260489 40463806
v 75148 -74261089 40464006
v 75143 -74261889 40464206
v 75141 -74262389 40464406
v 75137 -74262898 40464533
v 75138 -74263589 40464706
v 75126 -74264190 40464806
v 75125 -74265238 40464890
v 75124 -74265790 40464906
v 75120 -74266390 40464906
v 75119 -74266790 40464906
v 75118 -74267990 40464706
v 75116 -74269290 40464506
v 75113 -74270790 40466306
v 75066 -74271290 40466906
v 75065 -74271790 40467506
v 75064 -74272290 40468006
v 75057 -74272790 40468506
v 75056 -74273190 40469106
v 75054 -74273590 40469706
v 75055 -74275619 40472357
v 77309 -74278074 40475656
v 77321 -74278356 40476035
v 74928 -74278622 40476408
v 77322 -74279033 40476986
v 74925 -74280090 40478106
v 74924 -74280690 40478706
v 74912 -74280990 40479206
v 74895 -74281690 40480006
v 74894 -74282190 40480706
v 74893 -74282690 40481206
v 74892 -74283190 40481905
v 74891 -74283690 40482505
v 74843 -74283990 40482805
v 74834 -74284690 40483005
v 74830 -74285390 40483405
v 74832 -74284590 40484605
v 74804 -74283690 40485805
v 74802 -74284590 40486305
v 74797 -74283790 40488505
v 74332 -74285690 40490205
v 74330 -74292190 40493105
v 74328 -74292590 40493205
v 74326 -74293791 40493805
v 74322 -74295391 40494705
v 74321 -74296091 40495205
v 74275 -74296491 40495705
v 74273 -74297291 40496805
v 74270 -74297491 40497105
v 72304 -74293391 40505705
v 72305 -74291690 40507805
v 72771 -74289990 40509705
v 72688 -74289690 40510205
v 72295 -74287390 40513805
v 72676 -74286890 40514805
v 72677 -74286390 40515605
v 72679 -74285890 40516505
v 72680 -74285390 40517305
v 72681 -74285190 40517505
v 72671 -74284390 40518305
v 72703 -74283390 40519505
v 72669 -74282890 40519905
v 72667 -74282390 40520505
v 72698 -74282090 40521105
v 72707 -74279790 40520605
v 72721 -74279490 40521205
v 72729 -74279255 40521111
v 72719 -74278990 40521005
v 72716 -74278590 40522005
v 72720 -74277790 40521905
v 72805 -74276590 40521605
v 72813 -74275390 40521405
v 72807 -74275190 40522105
v 72811 -74274890 40522805
v 72810 -74274690 40523505
v 72827 -74273190 40523305
v 72825 -74273090 40523905
v 72831 -74271990 40523605
v 72582 -74271490 40524605
v 72583 -74271190 40525105
v 72609 -74269790 40524705
v 72608 -74269490 40525205
v 72610 -74269090 40525805
v 72607 -74268990 40526105
v 72619 -74267762 40525816
v 72629 -74267290 40525705
v 72630 -74266890 40525605
v 72634 -74266290 40525605
v 72635 -74265890 40525405
v 72638 -74265090 40525305
v 73059 -74263890 40525205
v 73060 -74263261 40525153
v 76645 -74262351 40525077
v 73063 -74261490 40525005
v 73064 -74261190 40525005
v 73065 -74250589 40524705
v 73066 -74246889 40525005
v 220036 -74243820 40525142
v 220250 -74239291 40525366
v 218060 -74235758 40525606
v 218059 -74235470 40525626
v 220268 -74233333 40525756
v 220275 -74231477 40525936
v 220276 -74230441 40525984
v 220251 -74230287 40527829
v 220334 -74225142 40532699
v 220274 -74225286 40536932
v 218338 -74224617 40537047
v 218337 -74224529 40537722
v 220269 -74223836 40539335
v 220270 -74223619 40540307
v 216527 -74223582 40540524
v 216528 -74223531 40540817
v 220292 -74222778 40542944
v 220284 -74220973 40547254
v 220283 -74220346 40548110
v 220298 -74219767 40548829
v 224561 -74219524 40549130
v 218380 -74218528 40550348
v 218064 -74217057 40552405
v 218160 -74212971 40555283
v 218163 -74210789 40555923
v 218183 -74204869 40557498
v 218204 -74204253 40557820
v 218203 -74200179 40559947
v 224245 -74199725 40560177
v 218195 -74199400 40560588
v 218194 -74197865 40561832
v 218187 -74193236 40566344
v 218188 -74192931 40566757
v 224032 -74192568 40567149
v 218201 -74192123 40567630
v 224034 -74191865 40567909
v 218146 -74189745 40571743
v 218145 -74189975 40576729
v 218144 -74190043 40577040
v 218076 -74190228 40577530
v 218075 -74190318 40577797
v 218077 -74190337 40577854
v 218140 -74192158 40585037
v 218094 -74192134 40586222
v 218864 -74192174 40587968
v 218101 -74192817 40590291
v 218100 -74192081 40590784
v 218112 -74191432 40591146
v 218099 -74190913 40591541
v 218097 -74190134 40592050
v 218090 -74189507 40592379
v 218110 -74188815 40592823
v 218109 -74188447 40593036
v 218976 -74188058 40593233
v 218975 -74187019 40593907
v 218974 -74186803 40594039
v 218978 -74186392 40594302
v 218988 -74185483 40594828
v 218969 -74185094 40595091
v 218967 -74183904 40595880
v 218963 -74182043 40597211
v 218962 -74180961 40597951
v 218306 -74178299 40599841
v 218398 -74175983 40601452
v 218397 -74175009 40602192
v 218399 -74173558 40603475
v 218409 -74170702 40605002
v 218394 -74170032 40605281
v 218445 -74168085 40606135
v 218460 -74167371 40606299
v 218459 -74165750 40606692
v 218462 -74165058 40606806
v 218461 -74164453 40606887
v 218621 -74162248 40607181
v 218594 -74160795 40609056
v 218595 -74160615 40609364
v 218439 -74160469 40609615
v 218602 -74159948 40610619
v 218601 -74159535 40611640
v 218593 -74159274 40612134
v 218600 -74158902 40612715
v 218590 -74158732 40612940
v 218517 -74157821 40614355
v 218515 -74157560 40614898
v 218522 -74157147 40615622
v 218520 -74157060 40615902
v 218512 -74156843 40616231
v 218549 -74156190 40617372
v 218548 -74155910 40617860
v 218511 -74155433 40618254
v 218551 -74154968 40618623
v 218552 -74154935 40618649
v 218546 -74154393 40619076
v 218562 -74153787 40619536
v 222300 -74153361 40619837
v 224051 -74153159 40619964
v 224049 -74152683 40620259
v 224048 -74152055 40620752
v 220265 -74151685 40621046
v 220266 -74151396 40621275
v 224453 -74150901 40621667
v 218544 -74150154 40622259
v 218543 -74150084 40622314
v 218674 -74149571 40622788
v 218672 -74149210 40623600
v 218534 -74149128 40624091
v 218531 -74148931 40624947
v 222992 -74148779 40625293
v 222989 -74148626 40625885
v 222991 -74148429 40626577
v 222866 -74148233 40627202
v 222821 -74148211 40627416
v 222862 -74147971 40628009
v 222863 -74147600 40629243
v 222860 -74147556 40629589
v 218561 -74147120 40630972
v 218560 -74146990 40631285
v 218671 -74146815 40631795
v 222861 -74146663 40632157
v 222846 -74146554 40632519
v 222845 -74145986 40634396
v 222843 -74145860 40635075
v 222836 -74145811 40635384
v 222840 -74144961 40637770
v 222841 -74143684 40638443
v 222822 -74143350 40639734
v 53652 -74142287 40642103
v 53645 -74141287 40643803
v 53623 -74140087 40646903
v 53622 -74139587 40647803
v 53641 -74139187 40648403
v 53635 -74138687 40649103
v 53626 -74138087 40649803
v 53637 -74137587 40650603
v 53634 -74137087 40651103
v 56385 -74136687 40651803
v 54018 -74136187 40652503
v 50661 -74135187 40653103
v 50641 -74134659 40653278
v 56802 -74131782 40653515
v 54098 -74128987 40653612
v 54112 -74126587 40653803
v 54111 -74126587 40653903
v 54100 -74126387 40654203
v 54092 -74126187 40654403
v 54116 -74125887 40654803
v 54089 -74125587 40655103
v 54114 -74125387 40655303
v 54103 -74125087 40655703
v 54106 -74124787 40655903
v 54102 -74124587 40656303
v 54255 -74124287 40656503
v 54101 -74124087 40656803
v 54104 -74123487 40657403
v 54105 -74123087 40658103
v 54083 -74122387 40658903
v 54231 -74121887 40659503
v 54232 -74121687 40659703
v 54229 -74121387 40660103
v 54244 -74121087 40660403
v 54230 -74120887 40660803
v 54226 -74120387 40661303
v 54227 -74119887 40661903
v 54228 -74119387 40662503
v 54236 -74118887 40663003
v 54235 -74118187 40663903
v 54237 -74117486 40664703
v 54169 -74116786 40665603
v 54168 -74116086 40666303
v 54209 -74115386 40667202
v 54211 -74114786 40667902
v 54206 -74114286 40668402
v 54208 -74113786 40669102
v 54207 -74112986 40670002
v 54200 -74112186 40671002
v 54216 -74111786 40671502
v 54201 -74111386 40672102
v 54203 -74110386 40673102
v 54204 -74109886 40673702
v 54197 -74109386 40674302
v 54690 -74108886 40674902
v 54691 -74108386 40675502
v 54689 -74107886 40676102
v 54692 -74107386 40676702
v 54467 -74106886 40677302
v 54468 -74106386 40677902
v 54479 -74105786 40678502
v 54477 -74105386 40679002
v 54478 -74104786 40679702
v 54480 -74104286 40680302
v 54475 -74103786 40680902
v 54476 -74103286 40681502
v 54519 -74102986 40681802
v 54518 -74102786 40682102
v 54515 -74102286 40682702
v 54516 -74101786 40683302
v 54495 -74101286 40683902
v 54497 -74100686 40684502
v 54498 -74100186 40685102
v 54513 -74099886 40685502
v 54514 -74098786 40686802
v 54511 -74098586 40687002
v 54655 -74098086 40687702
v 54509 -74097686 40688102
v 54657 -74097386 40688402
v 54654 -74097186 40688702
v 54659 -74096886 40689002
v 54658 -74095486 40689902
v 54666 -74094686 40690202
v 54583 -74094486 40690402
v 54664 -74093986 40690602
v 54589 -74093686 40690802
v 54668 -74093186 40690902
v 54594 -74092986 40691102
v 54591 -74092586 40691302
v 54593 -74091686 40691902
v 54592 -74090786 40692402
v 54644 -74089786 40693102
v 54637 -74088986 40693602
v 54638 -74088186 40694002
v 54646 -74087486 40694502
v 54633 -74085386 40696202
v 56315 -74083686 40697502
v 56316 -74082786 40698202
v 56317 -74082086 40698702
v 56313 -74081386 40699202
v 56327 -74080586 40699802
v 56329 -74079886 40700102
v 56349 -74079486 40700402
v 56321 -74079286 40700502
v 56342 -74078886 40700702
v 56319 -74078686 40700902
v 56343 -74078286 40701102
v 56325 -74077886 40701402
v 56345 -74077486 40701502
v 55197 -74077086 40701902
v 56341 -74076585 40702502
v 55244 -74075685 40703702
v 55252 -74074385 40704902
v 55420 -74073085 40706202
v 55422 -74072285 40705602
v 55423 -74072085 40705402
v 55419 -74069885 40707102
v 55427 -74067585 40708702
v 55429 -74066885 40708202
v 55469 -74065485 40709102
v 55461 -74064685 40709702
v 55462 -74063467 40710565
v 55459 -74062285 40711402
v 55463 -74061085 40712302
v 55458 -74059785 40713102
v 56101 -74058685 40714002
v 56102 -74057385 40714702
v 55969 -74056485 40715502
v 56112 -74056185 40715702
v 55996 -74055985 40716002
v 56111 -74055741 40716228
v 54998 -74055785 40716302
v 55999 -74054485 40717202
v 56006 -74053985 40717102
v 56007 -74052185 40716902
v 56074 -74051885 40717602
v 56071 -74051485 40718302
v 56069 -74051085 40718902
v 56068 -74050785 40719602
v 56079 -74050385 40720302
v 56067 -74050085 40720902
v 56063 -74049685 40721502
v 56065 -74049285 40722202
v 56062 -74049185 40722902
v 56077 -74048585 40722802
v 56083 -74047585 40722802
v 56058 -74047385 40723502
v 56057 -74047285 40724202
v 56056 -74047185 40724902
v 56155 -74047085 40725502
v 56055 -74047085 40725602
v 56156 -74045485 40725502
v 56152 -74045285 40726102
v 56159 -74043585 40726002
v 56175 -74041985 40725902
v 56171 -74041885 40726602
v 56170 -74041785 40727302
v 56168 -74041685 40728101
v 56166 -74041585 40728801
v 55866 -74041485 40729301
v 56172 -74041285 40729301
v 55914 -74039785 40729201
v 56228 -74038684 40729001
v 56238 -74038127 40729031
v 56618 -74036599 40729114
v 56610 -74035158 40729192
v 56611 -74032826 40729246
v 56605 -74032187 40729221
v 56602 -74031661 40729056
v 56601 -74030999 40728863
v 56600 -74021117 40727417
v 189832 -74015102 40727309
v 189824 -74012961 40726858
v 190558 -74010852 40726603
v 189862 -74010732 40726588
v 189861 -74009824 40726503
v 189870 -74009023 40726435
v 189888 -74008704 40726405
v 189886 -74008309 40726367
v 189898 -74007422 40726283
v 189893 -74007421 40726349
v 190270 -74005625 40726195
v 190305 -74004284 40726060
v 190304 -74003873 40726009
v 190312 -74003311 40725760
v 190309 -74002288 40726993
v 190267 -74001199 40728225
v 189718 -74000465 40727860
v 189717 -73999752 40727545
v 186293 -73998924 40728581
v 186292 -73997835 40729862
v 186275 -73997356 40730437
v 186274 -73996449 40729990
v 186272 -73996035 40730647
v 186273 -73995490 40731304
v 186291 -73995141 40731797
v 186287 -73994793 40732192
v 186286 -73994314 40732767
v 186284 -73993813 40733342
v 186285 -73993334 40733867
v 186264 -73992767 40734541
v 186262 -73992245 40735149
v 186263 -73991679 40735773
v 186403 -73991009 40735491
v 186402 -73990159 40735550
v 186401 -73989904 40735570
v 186400 -73989860 40735751
v 186399 -73989554 40736343
v 186397 -73989183 40736968
v 186398 -73988790 40737526
v 186393 -73988332 40738068
v 186391 -73987940 40738644
v 186392 -73987504 40739202
v 186394 -73987089 40739810
v 186395 -73986588 40740451
v 186376 -73986108 40741207
v 186366 -73985650 40741749
v 186365 -73985149 40742374
v 186364 -73984799 40743031
v 186363 -73984276 40743623
v 186361 -73983862 40744231
v 186362 -73983317 40744921
v 186367 -73982881 40745479
v 186368 -73982466 40746088
v 186369 -73982030 40746696
v 186348 -73981528 40747419
v 186346 -73981027 40747994
v 186347 -73980526 40748618
v 186936 -73980111 40749292
v 186937 -73979653 40749867
v 186941 -73979195 40750475
v 189431 -73978758 40751066
v 189428 -73978257 40751691
v 189429 -73977842 40752315
v 188741 -73976446 40754287
v 188738 -73976031 40754895
v 188699 -73975508 40755519
v 188697 -73975050 40756160
v 188698 -73974592 40756735
v 188700 -73974155 40757376
v 188701 -73973697 40757968
v 188729 -73973239 40758641
v 188727 -73972802 40759233
v 188728 -73972323 40759841
v 188706 -73971886 40760465
v 188704 -73971384 40761139
v 188705 -73970883 40761763
v 188713 -73970424 40762420
v 188714 -73969966 40762979
v 188721 -73968410 40762431
v 188722 -73967974 40762989
v 188724 -73967515 40763663
v 188883 -73967079 40764238
v 188881 -73966620 40764862
v 188882 -73966119 40765503
v 188884 -73965660 40766111
v 188803 -73965224 40766752
v 188801 -73964787 40767409
v 188802 -73964285 40768000
v 188815 -73963827 40768641
v 188814 -73963369 40769183
v 188811 -73962889 40769873
v 188809 -73962452 40770481
v 188810 -73961863 40771188
v 188812 -73961491 40771812
v 188813 -73961011 40772470
v 188835 -73960596 40773028
v 188833 -73960029 40773751
v 188834 -73959614 40774359
v 188836 -73959134 40775049
v 188832 -73958588 40775723
v 188830 -73958086 40776363
v 188831 -73957563 40776954
v 188838 -73957061 40777595
v 188837 -73956581 40778203
v 188635 -73956188 40778827
v 188633 -73955642 40779517
v 188634 -73955162 40780174
v 188636 -73954660 40780832
v 188637 -73954245 40781407
v 189117 -73953764 40782080
v 189115 -73953306 40782705
v 189116 -73952804 40783345
v 189120 -73952367 40783970
v 189119 -73951952 40784594
v 189118 -73951515 40785185
v 189109 -73950991 40785892
v 189108 -73950554 40786566
v 189106 -73950030 40787173
v 189107 -73949572 40787781
v 189110 -73949135 40788405
v 189148 -73948698 40789030
v 189147 -73948196 40789654
v 189146 -73947715 40790328
v 189144 -73947257 40790952
v 189145 -73946798 40791543
v 189071 -73946231 40792249
v 189066 -73945707 40792939
v 189063 -73945270 40793564
v 188595 -73944832 40794237
v 188596 -73944352 40794829
v 189069 -73943915 40795470
v 189067 -73943478 40796110
v 189068 -73942124 40797917
v 189070 -73941621 40798657
v 189204 -73941118 40799330
v 189205 -73940681 40799955
v 189206 -73940179 40800645
v 189207 -73939764 40801236
v 189203 -73939370 40801828
v 189201 -73938824 40802468
v 189202 -73938409 40803092
v 189211 -73937885 40803733
v 188330 -73937426 40804423
v 188328 -73936901 40805129
v 188329 -73936508 40805704
v 188327 -73936071 40806312
v 188325 -73935568 40806953
v 188326 -73935109 40807593
v 188345 -73934672 40808218
v 188342 -73933990 40807622
v 188341 -73933638 40807160
v 188340 -73932989 40807463
v 135268 -73931706 40807979
v 135269 -73930806 40808379
v 135272 -73929706 40808779
v 135273 -73928906 40809479
v 135267 -73928806 40809579
v 135266 -73928306 40809879
v 135284 -73927606 40810479
v 135283 -73926706 40810879
v 135288 -73926006 40811479
v 135337 -73925406 40812079
v 135313 -73924606 40812579
v 135314 -73923706 40812979
v 135312 -73922706 40813579
v 135328 -73921906 40813879
v 135326 -73921106 40814379
v 135327 -73920406 40814779
v 135333 -73919406 40815179
v 135332 -73918606 40815679
v 135538 -73917606 40816179
v 135537 -73916806 40816679
v 135536 -73916006 40817279
v 135549 -73915606 40817679
v 135535 -73915306 40817879
v 135550 -73914906 40818179
v 135553 -73914506 40818579
v 135447 -73914106 40818979
v 135445 -73913606 40819679
v 135444 -73913206 40820279
v 135443 -73912606 40820979
v 135442 -73912206 40821579
v 135486 -73911706 40822079
v 135495 -73910406 40822479
v 135497 -73909906 40822579
v 135496 -73909505 40822979
v 135513 -73909205 40823179
v 135494 -73909153 40823608
v 135492 -73908705 40824179
v 135512 -73908305 40824779
v 135481 -73907605 40825279
v 135482 -73906905 40825879
v 136223 -73905305 40826979
v 136224 -73905105 40827079
v 136222 -73904805 40827279
v 136217 -73903805 40828279
v 136231 -73903305 40828679
v 136232 -73902305 40829579
v 136219 -73902205 40829679
v 136235 -73900405 40831279
v 135899 -73900205 40831379
v 135900 -73899101 40832143
v 135902 -73898905 40832279
v 135905 -73897905 40832879
v 135906 -73896805 40833479
v 135908 -73896305 40833679
v 135911 -73895105 40834179
v 135916 -73894205 40834779
v 135913 -73894005 40835079
v 136111 -73893705 40835279
v 136104 -73892805 40835679
v 136116 -73891905 40835779
v 136113 -73891105 40835879
v 136118 -73890705 40835979
v 136114 -73890018 40836303
v 136129 -73889205 40836579
v 136133 -73887505 40837679
v 136160 -73886005 40838579
v 136159 -73885405 40838979
v 136164 -73884705 40839379
v 136165 -73884405 40839479
v 136177 -73884105 40839679
v 136163 -73883605 40839679
v 136181 -73882705 40839679
v 136188 -73881205 40839979
v 136184 -73880205 40840279
v 136755 -73879305 40841079
v 136756 -73879010 40841433
v 136751 -73878805 40841679
v 136752 -73878205 40842679
v 136768 -73877613 40843600
v 136744 -73877304 40844079
v 136745 -73873704 40852979
v 137419 -73871904 40854079
v 137417 -73871504 40854279
v 137431 -73870812 40854496
v 137429 -73869404 40855379
v 137426 -73869504 40855779
v 137425 -73868804 40856779
v 137022 -73868404 40857279
v 137020 -73867904 40857979
v 136912 -73867403 40858740
v 137012 -73867296 40858787
v 137018 -73866704 40859479
v 137017 -73866284 40861455
v 137013 -73866204 40861779
v 137014 -73865504 40863179
v 136993 -73865204 40863379
v 137004 -73864204 40863879
v 137005 -73863304 40864478
v 137007 -73862204 40865278
v 137009 -73861904 40865478
v 137037 -73861304 40866078
v 137038 -73860504 40866778
v 137040 -73860304 40866978
v 137041 -73859204 40867878
v 137052 -73858304 40868678
v 136973 -73857204 40869578
v 136975 -73856204 40870478
v 136976 -73855604 40871178
v 137095 -73855304 40871678
v 137096 -73854104 40872778
v 137094 -73853504 40873278
v 137090 -73852704 40874078
v 137105 -73852004 40874478
v 137093 -73851904 40874578
v 137107 -73851304 40874978
v 133946 -73851004 40875278
v 133948 -73850504 40875478
v 133937 -73849604 40875978
v 133942 -73848804 40876278
v 133941 -73848004 40876478
v 133960 -73847204 40876778
v 133963 -73846203 40877078
v 133965 -73845303 40877378
v 133969 -73844603 40877878
v 133972 -73844003 40878378
v 133976 -73843203 40878978
v 133971 -73843003 40879078
v 133968 -73842503 40879378
v 133967 -73841503 40879978
v 133982 -73841003 40880178
v 133985 -73840303 40880578
v 133987 -73839503 40880778
v 133988 -73838603 40881178
v 134001 -73837603 40881478
v 134003 -73836703 40881778
v 134004 -73836303 40881978
v 133857 -73835903 40882378
v 133892 -73835130 40882958
v 133887 -73833903 40883878
v 133253 -73833303 40884135
v 133254 -73833203 40884178
v 133903 -73832203 40884478
v 133905 -73831203 40884678
v 133911 -73831023 40884718
v 139606 -73830453 40884845
v 133908 -73830303 40884878
v 134068 -73829403 40885178
v 134077 -73828003 40885878
v 134079 -73826903 40886278
v 134082 -73826103 40886578
v 134084 -73825303 40886978
v 134086 -73824403 40887378
v 134088 -73823703 40887678
v 134104 -73821303 40889078
v 134100 -73820603 40889478
v 134101 -73819903 40889978
v 134103 -73819603 40890178
v 253379 -73818478 40890899
v 253380 -73817978 40891099
v 253381 -73817178 40891499
v 253521 -73816278 40891799
v 253519 -73815978 40891899
v 253520 -73815678 40892099
v 253524 -73814978 40892399
v 253517 -73814778 40892499
v 253529 -73813277 40893099
v 253528 -73812377 40893399
v 253531 -73811177 40893899
v 253539 -73810277 40894299
v 253540 -73809377 40894599
v 253542 -73808377 40894999
v 253545 -73807377 40895399
v 253505 -73805777 40895999
v 253507 -73804877 40896399
v 253598 -73802077 40897399
v 253600 -73801077 40897699
v 253615 -73799777 40898299
v 253616 -73799077 40898599
v 253612 -73797977 40899199
v 253613 -73797235 40899529
v 253639 -73797077 40899599
v 253641 -73796077 40899999
v 253642 -73795677 40900699
v 253653 -73794477 40901899
v 253636 -73793977 40902399
v 253635 -73791877 40905499
v 253730 -73790377 40906799
v 253733 -73789577 40907299
v 253176 -73786677 40908699
v 253185 -73786465 40908959
v 253182 -73785377 40910299
v 253181 -73785277 40911199
v 253224 -73784377 40912799
v 253223 -73783777 40913399
v 253203 -73782477 40915099
v 253204 -73781977 40916099
v 253202 -73781777 40916399
v 253209 -73781077 40917099
v 253211 -73780576 40917599
v 253216 -73778676 40919099
v 254391 -73778376 40919399
v 254337 -73772076 40924699
v 254363 -73770718 40926047
v 254359 -73769476 40927599
v 254360 -73766376 40929099
v 254516 -73765576 40929499
v 254520 -73762387 40931433
v 254268 -73760076 40933498
v 254269 -73758235 40935225
v 254279 -73757676 40935598
v 254280 -73757649 40935622
v 261438 -73757008 40936192
v 254278 -73753176 40939598
v 254281 -73752876 40939398
v 254746 -73748776 40943998
v 255767 -73747975 40944698
v 255764 -73747375 40945298
v 255765 -73746975 40945898
v 255742 -73746675 40946598
v 255741 -73745775 40947298
v 255740 -73744575 40948398
v 255748 -73742075 40950398
v 255753 -73741624 40950263
v 255752 -73741075 40950098
v 255847 -73737575 40952998
v 255872 -73737375 40952898
v 255873 -73736975 40952598
v 255869 -73735975 40953498
v 255870 -73734575 40954598
v 255868 -73734275 40954698
v 255918 -73733575 40954898
v 255865 -73733275 40955098
v 255916 -73732475 40956098
v 255913 -73732075 40956298
v 255914 -73731275 40956998
v 255912 -73730075 40957398
v 255925 -73729075 40957898
v 255929 -73728875 40958098
v 255928 -73728275 40958298
v 255931 -73727975 40958398
v 257351 -73727375 40958798
v 256298 -73726775 40959298
v 256304 -73725975 40959798
v 256303 -73725475 40960298
v 256310 -73724774 40960698
v 256307 -73724274 40961198
v 256325 -73723874 40961498
v 256322 -73722600 40962123
v 256327 -73721608 40962786
v 256379 -73720250 40963671
v 256383 -73718862 40964495
v 256382 -73717748 40965243
v 256375 -73716756 40966036
v 256372 -73715642 40966845
v 256501 -73714177 40967753
v 256503 -73712728 40968409
v 256505 -73711965 40968676
v 256515 -73710622 40968890
v 256522 -73709691 40969103
v 256524 -73708699 40969287
v 256514 -73708104 40969424
v 256546 -73707753 40969409
v 256547 -73706304 40969691
v 259078 -73706129 40969727
v 256538 -73704055 40971904
v 256485 -73703374 40972698
v 256484 -73702373 40973298
v 256774 -73698773 40975998
v 256777 -73698473 40976098
v 256784 -73695873 40976998
v 256782 -73695473 40977198
v 256812 -73692673 40977998
v 256808 -73690716 40979710
v 256807 -73690273 40980097
v 256915 -73688673 40981297
v 256913 -73687873 40982597
v 256919 -73687373 40982997
v 256924 -73684673 40984597
v 256702 -73684273 40985397
v 256700 -73684273 40985897
v 256698 -73684173 40986297
v 256699 -73682873 40986697
v 256727 -73682073 40987097
v 256732 -73680272 40987697
v 256730 -73680172 40988097
v 256731 -73678272 40990697
v 256740 -73677972 40991097
v 256720 -73677572 40991497
v 256723 -73677272 40991997
v 256722 -73676872 40992497
v 256721 -73676572 40992997
v 257190 -73674515 40994294
v 257189 -73673672 40994997
v 257191 -73669272 40996597
v 257212 -73668374 40996967
v 257211 -73667572 40997297
v 257213 -73667072 40997397
v 257224 -73666272 40997597
v 257226 -73665272 40997797
v 257179 -73665172 40998197
v 257185 -73664972 40998697
v 257182 -73664072 41000297
v 260601 -73662672 41001497
v 260607 -73661772 41001397
v 260605 -73661172 41002197
v 260604 -73660272 41003097
v 260610 -73659472 41003897
v 260611 -73658145 41003273
v 5536 -73657771 41003097
v 5537 -73657371 41003097
v 5538 -73656771 41002697
v 5578 -73655971 41002397
v 5579 -73655071 41001797
v 5581 -73654471 41001697
v 5592 -73653071 41001897
v 5596 -73651571 41002097
v 5616 -73650071 41002497
v 4147 -73649371 41002497
v 5611 -73647171 41005397
v 5612 -73646071 41006397
v 5629 -73644171 41008097
v 5486 -73643971 41008397
v 5487 -73635571 41015597
v 5484 -73631370 41017697
v 5507 -73629670 41018297
v 5510 -73628870 41018297
v 5514 -73628370 41018297
v 5526 -73626370 41019597
v 1761 -73623870 41020197
v 1775 -73618870 41021797
v 1787 -73615570 41022797
v 1797 -73613470 41023597
v 1824 -73608470 41025697
v 1846 -73605669 41026497
v 1847 -73603169 41027297
v 1851 -73601869 41028097
v 60 -73601619 41028326
v 61 -73600669 41029197
v 71 -73600269 41029597
v 2160 -73598732 41031646
v 2158 -73597569 41033197
v 2159 -73596569 41034097
v 2162 -73595269 41034897
v 2163 -73593169 41035797
v 2164 -73591869 41036197
v 2075 -73590669 41036697
v 2073 -73586369 41038397
v 2081 -73583069 41039397
v 2087 -73581669 41039797
v 2129 -73578468 41040397
v 2130 -73577868 41040597
v 2131 -73577668 41040697
v 2139 -73575968 41041197
v 2144 -73574368 41041797
v 2143 -73574168 41041897
v 2142 -73574468 41042297
v 2397 -73573368 41043197
v 2395 -73572468 41043797
v 2398 -73572268 41043997
v 2406 -73569868 41045897
v 2405 -73567868 41047097
v 2444 -73565868 41047796
v 2445 -73565168 41047996
v 2380 -73564768 41048196
v 2379 -73565168 41051096
v 2385 -73564168 41051296
v 2382 -73563068 41053996
v 2384 -73563768 41054396
v 2466 -73559368 41057196
v 2465 -73559468 41058096
v 991 -73559468 41058396
v 990 -73557768 41063596
v 989 -73557768 41063996
v 977 -73557868 41064796
v 969 -73557568 41065596
v 980 -73556968 41065596
v 979 -73556468 41065796
v 988 -73555168 41066696
v 987 -73554768 41066996
v 996 -73552768 41068996
v 995 -73552368 41069996
v 994 -73552144 41070144
v 998 -73551968 41070296
v 1000 -73550968 41071196
v 952 -73549468 41072096
v 1002 -73548368 41072396
v 962 -73547968 41073496
v 964 -73547768 41075396
v 963 -73547768 41075996
v 1246 -73546768 41075596
v 1249 -73545567 41075996
v 1259 -73544267 41076796
v 1260 -73543967 41076996
v 1253 -73543267 41077396
v 1255 -73542067 41077696
v 1282 -73540467 41077996
v 1283 -73539967 41078596
v 1284 -73539667 41078896
v 1268 -73539849 41079650
v 1267 -73540367 41081796
v 1269 -73539467 41082096
v 1277 -73538367 41082396
v 1273 -73536967 41082496
v 1276 -73535367 41082596
v 1356 -73534167 41082596
v 1357 -73532967 41082396
v 1358 -73532967 41083196
v 1363 -73531567 41083296
