v 318362 -121543801 38374726
v 318361 -121554314 38366535
v 318360 -121556522 38362279
v 318363 -121560427 38362909
v 318356 -121565546 38352983
v 318382 -121560585 38342647
v 318384 -121564953 38339015
v 318383 -121566698 38337639
v 318374 -121570010 38334487
v 318377 -121576170 38327848
v 143893 -121576570 38327400
v 143894 -121576874 38327064
v 143895 -121577132 38326511
v 143899 -121578490 38321928
v 143909 -121579018 38318344
v 143911 -121579015 38312586
v 143910 -121576873 38309048
v 143927 -121574601 38305352
v 143976 -121574345 38305032
v 143978 -121574009 38304488
v 143979 -121573417 38303608
v 153967 -121582520 38292021
v 145774 -121582681 38288330
v 145773 -121588745 38278249
v 145775 -121588489 38269993
v 145777 -121587881 38268649
v 145784 -121587689 38268377
v 119367 -121587033 38263705
v 119366 -121600921 38248010
v 119368 -121601367 38240914
v 145782 -121602015 38237177
v 119353 -121601657 38230138
v 119354 -121604857 38215035
v 119360 -121604457 38214571
v 119361 -121600297 38209611
v 119372 -121594969 38210107
v 119373 -121592296 38189084
v 119509 -121585368 38184812
v 119511 -121595080 38172332
v 119512 -121594824 38172188
v 119513 -121593416 38171372
v 119394 -121592904 38171116
v 119514 -121596168 38167084
v 119478 -121601160 38164700
v 119477 -121602360 38164108
v 119475 -121604088 38163356
v 119474 -121605752 38162972
v 119482 -121606776 38162796
v 119465 -121608633 38162444
v 155897 -121610682 38162308
v 119464 -121611714 38162239
v 119429 -121612489 38162188
v 119428 -121612697 38162204
v 119427 -121612857 38162220
v 153001 -121613669 38162188
v 151131 -121613791 38162188
v 119412 -121615990 38162389
v 119401 -121616937 38162492
v 119400 -121626041 38164956
v 145833 -121627001 38165868
v 145832 -121627913 38166364
v 145831 -121631481 38167628
v 145821 -121636745 38169228
v 145819 -121642985 38171772
v 120811 -121646453 38172220
v 120812 -121646483 38172220
v 120813 -121646556 38172220
v 120814 -121664393 38173420
v 143792 -121668937 38169804
v 143795 -121673465 38161372
v 143793 -121673849 38160956
v 143786 -121679161 38156876
v 143787 -121678857 38156732
v 143788 -121680265 38155484
v 143790 -121682761 38147165
v 143811 -121683399 38144639
v 143810 -121686121 38134621
v 120735 -121688073 38128013
v 120732 -121690505 38123661
v 120731 -121691721 38121453
v 120734 -121692617 38119950
v 120733 -121696857 38114430
v 120753 -121699561 38108686
v 120751 -121700441 38107502
v 120750 -121701577 38105902
v 120748 -121701785 38105646
v 120730 -121706233 38098846
v 120729 -121706473 38089662
v 120786 -121710489 38084127
v 120785 -121721059 38081675
v 120777 -121724585 38081087
v 120776 -121729321 38080687
v 120774 -121729865 38080639
v 120775 -121732905 38078783
v 120778 -121737881 38059663
v 120781 -121738057 38054703
v 120784 -121739689 38050240
v 120783 -121746889 38040512
v 120795 -121750553 38030480
v 120796 -121750601 38029968
v 70542 -121750665 38024220
v 70541 -121750665 38019621
v 41804 -121750705 38018580
v 41803 -121750765 38017021
v 41808 -121750765 38012321
v 41819 -121750765 38009089
v 41818 -121750765 38009021
v 41829 -121750865 38005521
v 41830 -121750765 38005121
v 41832 -121750665 38001121
v 68930 -121750765 37997821
v 69541 -121750865 37996821
v 69542 -121750765 37994421
v 69545 -121750665 37992921
v 69546 -121750665 37991321
v 73642 -121750626 37990509
v 73641 -121750606 37990093
v 69778 -121746786 37986450
v 69777 -121743183 37983341
v 69780 -121741564 37981622
v 69788 -121732364 37971822
v 69793 -121732464 37971422
v 75283 -121732464 37971183
v 69800 -121732464 37969042
v 69796 -121732464 37964594
v 69795 -121732464 37961622
v 70899 -121732248 37961622
v 69810 -121729468 37961622
v 69809 -121723964 37961622
v 69911 -121722964 37953922
v 69913 -121720862 37954013
v 70916 -121719488 37954022
v 70917 -121716681 37954033
v 70920 -121715480 37952744
v 70921 -121715015 37952242
v 76949 -121714154 37950082
v 76955 -121714114 37947824
v 76987 -121714130 37947165
v 74363 -121714106 37944289
v 70938 -121714093 37942648
v 70939 -121714080 37941039
v 70942 -121714070 37939893
v 69928 -121714064 37939123
v 69929 -121714064 37936723
v 54147 -121714064 37935059
v 54148 -121714064 37934123
v 69952 -121713964 37933223
v 50992 -121712533 37933223
v 50993 -121710864 37933223
v 69954 -121709864 37933223
v 51008 -121709364 37933223
v 51007 -121708660 37933223
v 51023 -121708660 37932523
v 56505 -121708636 37931153
v 69961 -121708654 37930478
v 69962 -121708670 37929940
v 69977 -121708364 37929923
v 69978 -121706464 37929923
v 51218 -121704003 37926083
v 52145 -121700976 37926115
v 70264 -121699864 37926123
v 70292 -121695664 37926123
v 70304 -121695663 37925323
v 51295 -121695626 37922313
v 51296 -121695610 37921462
v 52312 -121695576 37919622
v 52313 -121695563 37918923
v 70307 -121695563 37915424
v 70310 -121695563 37912024
v 70319 -121695463 37904924
v 70321 -121695395 37899998
v 70322 -121695363 37897724
v 70323 -121695363 37897006
v 71045 -121695363 37895455
v 71046 -121695363 37894124
v 70476 -121695555 37883687
v 70475 -121695563 37881624
v 70474 -121697563 37876725
v 41957 -121698163 37873825
v 41958 -121697961 37869301
v 41965 -121695463 37860225
v 41966 -121695363 37855825
v 41963 -121698763 37850125
v 41950 -121726663 37837125
v 41951 -121727563 37823926
v 41954 -121738763 37808426
v 41955 -121740963 37775427
v 41971 -121740463 37774527
v 33413 -121738063 37772427
v 3811 -121732222 37767102
v 3809 -121725363 37746328
v 1884 -121724363 37726928
v 1883 -121724163 37726528
v 1940 -121724163 37722335
v 2484 -121724163 37722228
v 2174 -121724263 37719629
v 2175 -121724363 37719329
v 2176 -121724263 37717029
v 2210 -121724289 37715801
v 2206 -121724300 37714390
v 2205 -121724345 37712810
v 2220 -121724363 37712629
v 2221 -121724363 37711929
v 2493 -121724370 37710838
v 2500 -121724141 37709833
v 2505 -121724029 37709410
v 2501 -121724321 37709261
v 2492 -121726563 37708229
v 2491 -121728079 37707340
v 2227 -121728563 37707129
v 2226 -121736863 37703329
v 2240 -121738982 37702761
v 2239 -121740095 37702607
v 2238 -121741165 37702461
v 2237 -121741175 37702376
v 2191 -121741163 37701729
v 2190 -121741136 37701360
v 2192 -121741185 37700544
v 2168 -121741506 37700029
v 2167 -121742763 37698529
v 2248 -121743563 37697529
v 2247 -121744213 37696553
v 2246 -121747063 37694429
v 21260 -121749463 37692729
v 21261 -121752063 37691229
v 21460 -121754644 37689960
v 21461 -121756144 37689223
v 21431 -121758164 37688229
v 21414 -121758264 37687429
v 21395 -121758664 37686229
v 21396 -121760729 37685517
v 21397 -121761564 37685229
v 21398 -121761884 37685126
v 21429 -121761125 37684542
v 21440 -121762164 37683330
v 21427 -121762964 37682730
v 21426 -121763764 37681930
v 21428 -121764964 37680730
v 33067 -121765464 37680330
v 32976 -121766564 37679730
v 32974 -121767664 37679330
v 32979 -121767364 37678630
v 32980 -121768664 37678230
v 32981 -121768264 37677430
v 32970 -121769464 37677130
v 32971 -121769064 37676130
v 32688 -121768564 37674430
v 32689 -121768764 37672830
v 32682 -121768665 37672398
v 32683 -121768560 37672153
v 37019 -121768464 37671930
v 19521 -121768382 37671766
v 19522 -121768271 37671544
v 19519 -121768024 37671050
v 19520 -121767934 37670870
v 32727 -121767864 37670730
v 32728 -121768164 37669230
v 33017 -121768164 37668176
v 33018 -121768164 37667796
v 33019 -121768164 37667030
v 25836 -121768164 37665711
v 25835 -121768164 37665330
v 25834 -121768150 37665144
v 33022 -121768064 37664030
v 33023 -121767964 37663530
v 33053 -121767964 37662430
v 33054 -121767864 37660730
v 37982 -121767864 37660268
v 37776 -121767864 37659030
v 25935 -121767864 37658392
v 25936 -121767864 37657530
v 32879 -121767864 37656917
v 32873 -121767864 37656430
v 32874 -121767895 37656027
v 33147 -121767964 37653730
v 32913 -121767970 37653466
v 32908 -121768064 37649631
v 32909 -121767964 37647431
v 32881 -121768064 37645131
v 32912 -121763564 37637831
v 33154 -121762368 37636706
v 33155 -121758464 37633031
v 33158 -121755663 37629331
v 33159 -121756563 37625731
v 33192 -121756732 37624859
v 33193 -121756863 37624531
v 33194 -121758764 37622531
v 33197 -121759544 37621657
v 33178 -121759464 37620731
v 33179 -121757864 37620431
v 33199 -121755663 37620431
v 33196 -121754163 37620031
v 33187 -121753163 37619531
v 33188 -121752463 37619231
v 33189 -121751963 37619031
v 33190 -121751663 37618831
v 69 -121749189 37616073
v 4 -121747954 37614855
v 3 -121749163 37614888
v 309 -121750370 37614648
v 308 -121746078 37607578
