v 316378 -108308847 37196391
v 316370 -108308761 37195796
v 316369 -108308707 37167539
v 316372 -108308728 37163143
v 316371 -108308765 37155778
v 316383 -108308752 37153171
v 316396 -108308749 37152708
v 316397 -108308746 37151990
v 316374 -108308741 37151046
v 316373 -108308737 37150012
v 316389 -108317409 37137755
v 316376 -108318357 37136410
v 316375 -108318655 37135987
v 316392 -108319984 37133605
v 316636 -108324677 37119670
v 316638 -108326448 37110495
v 316640 -108326697 37109740
v 316639 -108326762 37109374
v 316647 -108332439 37093025
v 316642 -108333461 37087780
v 316641 -108336583 37083128
v 316644 -108339067 37081274
v 316643 -108339810 37081457
v 316624 -108411716 37098525
v 316623 -108427713 37098185
v 316625 -108466092 37099083
v 316622 -108467877 37098710
v 316600 -108500643 37070699
v 316565 -108523215 37066336
v 316563 -108526166 37067242
v 316568 -108541844 37062967
v 316569 -108552149 37063120
v 316566 -108552781 37063197
v 316570 -108572482 37056653
v 316571 -108596834 37058352
v 316539 -108625647 37066065
v 316538 -108632631 37066005
v 316496 -108651747 37063925
v 316495 -108656709 37063307
v 316497 -108662449 37062004
v 316540 -108691118 37056017
v 316503 -108691627 37056090
v 316502 -108706567 37060839
v 316500 -108707452 37061091
v 316501 -108708177 37061237
v 316541 -108724038 37066325
v 316542 -108726911 37067745
v 316493 -108739557 37071998
v 316494 -108736619 37079379
v 316535 -108736204 37080222
v 316532 -108734132 37084791
v 316533 -108732963 37088906
v 316491 -108732912 37089325
v 316492 -108732863 37089710
v 316480 -108724837 37111984
v 316479 -108722981 37116310
v 316139 -108715308 37141235
v 316131 -108706563 37149521
v 316127 -108704763 37152748
v 316128 -108704313 37154045
v 316166 -108703255 37157085
v 316114 -108701791 37160895
v 316112 -108701476 37161605
v 316113 -108701219 37162273
v 316163 -108697364 37172302
v 316164 -108693724 37181679
v 317273 -108693471 37182331
v 316107 -108692483 37184876
v 316108 -108692011 37186092
v 316089 -108690697 37189479
v 316084 -108687722 37197191
v 316077 -108687550 37197786
v 316079 -108686785 37199721
v 315215 -108686589 37200217
v 315216 -108686148 37201333
v 316055 -108685077 37204128
v 316019 -108684632 37205292
v 316020 -108684027 37206820
v 316181 -108683911 37207114
v 315993 -108682428 37210555
v 315990 -108680368 37213736
v 315988 -108677934 37216527
v 315989 -108677703 37216810
v 316153 -108677014 37217656
v 316154 -108676794 37217925
v 315987 -108676703 37218038
v 315983 -108670464 37224902
v 315980 -108667315 37228425
v 315979 -108663879 37232384
v 315974 -108657723 37239270
v 315976 -108656981 37240101
v 316873 -108652818 37244762
v 316869 -108650297 37247585
v 313022 -108647406 37250848
v 313023 -108646071 37252386
v 314353 -108645734 37252778
v 314350 -108644754 37253919
v 314352 -108644525 37254148
v 314349 -108642261 37257831
v 313019 -108641564 37259000
v 313020 -108635811 37268652
v 314338 -108632551 37274185
v 314335 -108631396 37276088
v 314336 -108627960 37281887
v 314328 -108627181 37283202
v 314329 -108625260 37286102
v 315312 -108624130 37288031
v 313017 -108622208 37291317
v 313018 -108621674 37292230
v 315004 -108618573 37297534
v 314997 -108616295 37301069
v 313013 -108616202 37301230
v 313014 -108614183 37304716
v 314995 -108613995 37305041
v 314996 -108613580 37305693
v 315115 -108612931 37306716
v 315114 -108612789 37306941
v 314989 -108611992 37308200
v 314982 -108609616 37312320
v 314983 -108609419 37316258
v 314970 -108609418 37316462
v 314971 -108609419 37318373
v 315105 -108609419 37318587
v 315305 -108609419 37318668
v 314967 -108609420 37319254
v 314968 -108609353 37320951
v 315076 -108609096 37322392
v 315207 -108608761 37323782
v 315208 -108608080 37325807
v 315203 -108607977 37326096
v 315204 -108607733 37326782
v 314950 -108606732 37329711
v 314951 -108605565 37331471
v 315199 -108604149 37333435
v 314942 -108602551 37335593
v 314920 -108600833 37338088
v 314907 -108600031 37339187
v 314886 -108598427 37341361
v 314422 -108598278 37341524
v 314423 -108597915 37341997
v 314438 -108597081 37343238
v 314856 -108596567 37343992
v 314826 -108595820 37345092
v 314814 -108595448 37345527
v 314778 -108594272 37347174
v 314756 -108590375 37348525
v 314755 -108589142 37348571
v 314754 -108588770 37348594
v 314751 -108587795 37348594
v 314752 -108586448 37348640
v 314753 -108585187 37348641
v 314746 -108583754 37348641
v 314747 -108582407 37348664
v 314744 -108581060 37348687
v 314745 -108579856 37348710
v 314742 -108578538 37348710
v 314743 -108576359 37348733
v 314741 -108574898 37348756
v 314739 -108572662 37348779
v 314740 -108571716 37348802
v 314736 -108569223 37348802
v 314737 -108567961 37348825
v 314738 -108567532 37348825
v 314734 -108563604 37348870
v 314735 -108562770 37348885
v 314730 -108562371 37348893
v 314731 -108561311 37348893
v 314733 -108560375 37348901
v 314728 -108558646 37348916
v 314725 -108558273 37348985
v 314663 -108555263 37351547
v 314646 -108554432 37352325
v 314647 -108553289 37353138
v 314631 -108552941 37353286
v 314633 -108552679 37353354
v 315240 -108552285 37353456
v 314626 -108551450 37353675
v 314621 -108550390 37353743
v 314623 -108549530 37353766
v 315234 -108548871 37353719
v 315233 -108548625 37353701
v 314630 -108546978 37353459
v 314629 -108546091 37353308
v 314634 -108545231 37353124
v 315079 -108542611 37352579
v 314668 -108541666 37352383
v 314667 -108536202 37351247
v 314722 -108534330 37350873
v 314721 -108527002 37349391
v 314750 -108524999 37349018
v 314748 -108523305 37348703
v 314757 -108522073 37348496
v 314810 -108519837 37348289
v 315371 -108516928 37348031
v 316674 -108516441 37347999
v 314760 -108506534 37347735
v 314223 -108502612 37348235
v 314222 -108499542 37347961
v 315336 -108498375 37347826
v 315335 -108483826 37347741
v 315337 -108483038 37347816
v 315333 -108470098 37349050
v 315330 -108467633 37349233
v 315329 -108454096 37350726
v 313310 -108453931 37350744
v 313311 -108451620 37350993
v 313660 -108451041 37351055
v 315445 -108444574 37351750
v 315328 -108443271 37351890
v 315326 -108437138 37352530
v 315327 -108432571 37353092
v 315443 -108429198 37353330
v 315324 -108428004 37353267
v 315323 -108425443 37352803
v 315449 -108421517 37350453
v 315339 -108419605 37349085
v 315338 -108413295 37343077
v 315341 -108411060 37340903
v 315345 -108406217 37339781
v 315346 -108404527 37339368
v 315351 -108401692 37338414
v 315350 -108396906 37336803
v 315352 -108395416 37336322
v 315451 -108394262 37335937
v 315354 -108393932 37335826
v 315353 -108390648 37334778
v 315340 -108387478 37333567
v 314365 -108385881 37332957
v 315355 -108384616 37332473
v 315452 -108381622 37331370
v 313746 -108375082 37328560
v 313745 -108370487 37326192
v 315621 -108369467 37325533
v 315622 -108359591 37322828
v 315695 -108354863 37323703
v 315618 -108352589 37324564
v 315612 -108347948 37326991
v 315613 -108343373 37329465
v 316849 -108336047 37333424
v 312578 -108333584 37334742
v 312579 -108332008 37335585
v 312634 -108327808 37337833
v 315296 -108325573 37339029
v 315297 -108324715 37339512
v 315298 -108322278 37340883
v 315599 -108319889 37342119
v 315713 -108318876 37342672
v 317169 -108317699 37343315
v 317170 -108317033 37343679
v 315679 -108316014 37344236
v 315680 -108315442 37344549
v 315559 -108315200 37344681
v 315561 -108314047 37345328
v 315701 -108308736 37347150
v 315512 -108308523 37347174
v 315513 -108304945 37347301
v 315776 -108302262 37347377
v 315510 -108302161 37347380
v 315509 -108298520 37347356
v 315511 -108296436 37347418
v 315508 -108296228 37347424
v 315507 -108294938 37347447
v 315506 -108293075 37347447
v 315505 -108291728 37347469
v 315504 -108290410 37347492
v 315501 -108289178 37347515
v 314381 -108287086 37347515
v 314380 -108286917 37347515
v 315502 -108286541 37347515
v 315503 -108280439 37347634
v 314359 -108280345 37347636
v 314360 -108278064 37347687
v 315699 -108275933 37347662
v 315500 -108273990 37347625
v 314367 -108270269 37348520
v 314368 -108261663 37352035
v 315493 -108256852 37354289
v 315694 -108255356 37355156
v 315744 -108254638 37355691
v 315745 -108250097 37358704
v 315787 -108247145 37359402
v 315786 -108242834 37359424
v 315785 -108235562 37358301
v 315790 -108227685 37355806
v 315789 -108221347 37353302
v 315795 -108219043 37351898
v 315794 -108214149 37337357
v 315797 -108214034 37336579
v 315801 -108208447 37334316
v 315800 -108208303 37334385
v 245836 -108207779 37334535
v 245813 -108192322 37339520
v 245814 -108189106 37338847
v 245815 -108185422 37337008
v 248978 -108179133 37332367
v 248979 -108177054 37330288
v 245792 -108174965 37328200
v 245791 -108174468 37327704
v 245794 -108173408 37326651
v 245800 -108165045 37322519
v 245799 -108161978 37322508
v 245795 -108156191 37323650
v 245796 -108151316 37324252
v 248281 -108131231 37325873
v 248282 -108127043 37326252
v 245901 -108124777 37326776
v 245900 -108119137 37327807
v 245902 -108110804 37327888
v 246648 -108101615 37327011
v 245904 -108101388 37326976
v 245903 -108099764 37326678
v 245855 -108098515 37326329
v 245854 -108082062 37318509
v 245806 -108068998 37313690
v 245805 -108053084 37298754
v 245859 -108045834 37293962
v 245914 -108041332 37291670
v 246002 -108040252 37291120
v 245862 -108040126 37291056
v 245861 -108039765 37290872
v 245863 -108026798 37284486
v 245920 -108025148 37283556
v 245919 -108023501 37282574
v 248953 -108023359 37282467
v 248999 -108010340 37274030
v 245865 -108003698 37270661
v 240691 -108000625 37270201
v 240690 -107995052 37265377
v 240703 -107992137 37264215
v 240702 -107987037 37264008
v 240704 -107982314 37264010
v 240705 -107972838 37264159
v 240764 -107961556 37267734
v 240765 -107960665 37271222
v 240766 -107960398 37272527
v 240767 -107960311 37272952
v 247999 -107960003 37274454
v 240822 -107959723 37275822
v 240823 -107957784 37279055
v 240769 -107955772 37279731
v 240770 -107955021 37279719
v 248995 -107953415 37279548
v 240552 -107952264 37279299
v 240941 -107950607 37278678
v 240773 -107943503 37277936
v 240561 -107938661 37279526
v 240560 -107935975 37278614
v 249013 -107932503 37273904
v 240754 -107932174 37273466
v 240753 -107931865 37273102
v 240752 -107930767 37271810
v 240684 -107924010 37267111
v 240683 -107922493 37266214
v 240686 -107921169 37266046
v 240685 -107919602 37266169
v 240687 -107918951 37266417
v 240948 -107918257 37266687
v 240949 -107914943 37268109
v 240755 -107914215 37268422
v 240642 -107907979 37269941
v 240643 -107906207 37270022
v 240640 -107905976 37270032
v 240641 -107904906 37270056
v 240756 -107903827 37270079
v 248968 -107903517 37270086
v 240953 -107902883 37270100
v 240954 -107901637 37270054
v 240955 -107901162 37270036
v 240958 -107900735 37270021
v 240963 -107899013 37269966
v 240964 -107897537 37270070
v 240808 -107897132 37270133
v 240757 -107895814 37270358
v 240758 -107895637 37270388
v 247228 -107895068 37270486
v 249320 -107894782 37270522
v 249323 -107892883 37270810
v 249321 -107889705 37269780
v 249322 -107889014 37269147
v 240663 -107886883 37268401
v 240664 -107886319 37268464
v 240660 -107885452 37268561
v 240797 -107885293 37268545
v 240708 -107880482 37265320
v 240707 -107879559 37264120
v 240806 -107879437 37263963
v 240715 -107878597 37262884
v 240714 -107878472 37262724
v 241099 -107877764 37261605
v 241103 -107877591 37261331
v 240762 -107877424 37261066
v 240761 -107877251 37260696
v 240760 -107877002 37260119
v 240759 -107876633 37258081
v 241126 -107876813 37257093
v 241125 -107876214 37256002
v 247085 -107876077 37253836
v 241107 -107876065 37253639
v 241106 -107875940 37253272
v 241908 -107872486 37244541
v 247091 -107872032 37243383
v 243051 -107871812 37242838
v 243052 -107871289 37241491
v 243056 -107869631 37237293
v 242982 -107869508 37236981
v 242981 -107868936 37236283
v 243166 -107868078 37235265
v 243165 -107867515 37234815
v 243046 -107867287 37234633
v 243045 -107866989 37234443
v 247798 -107866618 37233699
v 242726 -107866125 37233063
v 242725 -107865454 37232392
v 242731 -107863628 37230559
v 242730 -107863507 37230449
v 243168 -107863295 37230214
v 243171 -107862920 37229828
v 243180 -107862231 37229237
v 243041 -107862222 37229230
v 243040 -107862104 37229128
v 243182 -107861418 37228483
v 242758 -107861250 37228298
v 242757 -107860959 37227979
v 242780 -107860888 37227882
v 242779 -107858296 37224937
v 247125 -107857792 37224299
v 249171 -107854518 37220799
v 242797 -107852221 37219600
v 242796 -107851999 37219541
v 242798 -107847168 37221139
v 242792 -107846364 37221602
v 242793 -107846069 37221824
v 243206 -107845357 37222364
v 247605 -107841717 37226747
v 247096 -107838316 37227735
v 247089 -107835931 37228259
v 247090 -107833005 37228782
v 242746 -107832949 37228789
v 242748 -107830088 37228836
v 243147 -107828827 37228770
v 247011 -107827108 37228461
v 242761 -107825663 37228167
v 242759 -107824910 37227945
v 240926 -107824033 37227747
v 240925 -107823899 37227717
v 242764 -107823787 37227692
v 242762 -107823393 37227602
v 242765 -107821791 37227259
v 242766 -107820875 37227168
v 242767 -107819772 37227096
v 247072 -107817516 37227102
v 243137 -107815617 37227127
v 243138 -107813195 37227159
v 247058 -107808100 37227846
v 242754 -107806055 37228198
v 242755 -107805632 37228301
v 242749 -107802764 37228770
v 242750 -107802689 37228783
v 243129 -107802261 37228858
v 243121 -107801878 37228926
v 243122 -107799162 37229406
v 242741 -107797242 37229639
v 242736 -107795869 37229685
v 242738 -107791671 37229740
v 241954 -107790038 37229762
v 241955 -107789798 37229765
v 243010 -107789419 37229770
v 242734 -107787257 37229798
v 243115 -107782518 37229780
v 247250 -107782174 37229779
v 243113 -107780258 37229772
v 243110 -107779069 37229768
v 243026 -107777940 37229764
v 243025 -107776578 37229760
v 243108 -107774103 37229751
v 242740 -107773842 37229750
v 242739 -107773666 37229750
v 243031 -107769961 37229731
v 243030 -107765408 37229707
v 242743 -107764512 37229702
v 242742 -107764167 37229701
v 242984 -107759406 37229521
v 242983 -107752881 37229275
v 243632 -107743836 37228922
v 243681 -107743008 37228884
v 243682 -107741633 37228820
v 243680 -107738215 37228663
v 243397 -107737984 37228653
v 243396 -107734401 37228488
v 248905 -107730484 37228308
v 243376 -107727763 37228183
v 243375 -107725569 37228083
v 243651 -107724319 37227987
v 243650 -107722480 37227729
v 243667 -107722266 37227692
v 243619 -107712434 37226834
v 243618 -107708759 37226607
v 243692 -107705343 37225884
v 243673 -107695787 37226648
v 243450 -107683365 37226065
v 243447 -107678504 37223648
v 243449 -107668234 37225129
v 243744 -107667797 37225229
v 243446 -107665484 37225683
v 247733 -107661736 37225911
v 243452 -107661182 37225856
v 243451 -107653727 37221494
v 243464 -107651477 37219716
v 243463 -107645889 37217762
v 243465 -107643719 37217846
v 243461 -107641826 37218127
v 243458 -107637391 37219155
v 243460 -107635278 37219629
v 243453 -107633013 37220137
v 243454 -107622140 37222946
v 244027 -107621985 37223262
v 244175 -107620295 37224904
v 244073 -107619627 37225508
v 244028 -107614562 37228556
v 243844 -107611386 37229152
v 243845 -107610852 37229214
v 244048 -107610573 37229247
v 244031 -107607838 37229656
v 244032 -107606357 37229898
v 244079 -107601622 37230738
v 243837 -107601115 37230827
v 243838 -107600654 37230930
v 244080 -107598339 37231450
v 247691 -107597065 37231736
v 243172 -107595847 37232064
v 243173 -107595401 37232195
v 244096 -107595120 37232277
v 244280 -107594337 37232509
v 243830 -107592045 37233187
v 243831 -107590986 37233423
v 244271 -107590693 37233497
v 244144 -107590310 37233610
v 244145 -107588979 37234002
v 244270 -107587905 37234320
v 243826 -107587552 37234424
v 243827 -107586198 37234880
v 244094 -107582690 37236189
v 244095 -107580578 37237285
v 243805 -107573275 37245684
v 242422 -107572221 37250544
v 242423 -107572007 37251395
v 248865 -107566299 37258712
v 248866 -107563209 37263507
v 248863 -107562976 37264021
v 242348 -107559215 37270715
v 242347 -107558013 37272111
v 242345 -107549565 37277625
v 242346 -107542684 37282872
v 242342 -107540801 37284259
v 242000 -107536873 37285478
v 242001 -107536195 37285553
v 242340 -107532096 37285424
v 242341 -107519619 37288166
v 242388 -107515199 37288273
v 242338 -107510844 37289582
v 242429 -107500372 37285084
v 242428 -107493749 37284978
v 242430 -107492039 37284996
v 242434 -107488728 37285116
v 242427 -107486446 37285416
v 41007 -107482149 37286464
v 40991 -107481063 37286493
v 40990 -107474863 37284466
v 40988 -107473778 37283883
v 40987 -107472839 37283269
v 40947 -107466077 37278084
v 40946 -107462703 37276545
v 40985 -107461989 37276242
v 40994 -107453282 37265820
v 43615 -107452911 37265300
v 40997 -107448581 37262285
v 40996 -107447274 37261124
v 42003 -107430754 37239488
v 42023 -107417234 37231512
v 42020 -107413446 37229150
v 42008 -107408437 37228303
v 42007 -107408289 37228318
v 42009 -107407470 37228713
v 42021 -107397072 37231994
v 42004 -107395982 37232114
v 42036 -107357778 37228907
v 42037 -107348647 37228568
v 42040 -107342017 37224370
v 42039 -107340976 37223604
v 43940 -107339408 37220743
v 40880 -107339212 37219120
v 40879 -107339533 37216481
v 43406 -107339887 37215012
v 42063 -107339502 37213139
v 42062 -107322086 37206513
v 42060 -107314991 37206720
v 42048 -107297596 37211159
v 42050 -107297289 37211382
v 42046 -107281772 37212461
v 42044 -107273331 37212894
v 42051 -107265093 37210602
v 42053 -107263289 37210327
v 42055 -107251903 37208514
v 42391 -107250200 37208236
v 42392 -107231737 37212259
v 43403 -107227578 37215021
v 43404 -107224973 37216803
v 42346 -107217290 37223308
v 42325 -107212340 37226742
v 42309 -107195742 37228805
v 42310 -107189369 37230302
v 43941 -107184992 37232105
v 42450 -107184775 37232194
v 42287 -107183722 37232513
v 42289 -107179071 37234149
v 42284 -107178598 37234436
v 42277 -107174762 37236335
v 42271 -107168809 37236792
v 42264 -107166691 37237318
v 42259 -107157760 37238691
v 42249 -107146081 37240725
v 42251 -107145279 37240724
v 42451 -107137845 37238629
v 42447 -107136106 37238319
v 42446 -107133302 37238053
v 42448 -107125237 37230415
v 42592 -107115444 37227605
v 42579 -107106518 37231774
v 42552 -107102456 37237681
v 42532 -107099825 37241389
v 42533 -107097162 37243122
v 42528 -107094817 37244412
v 42513 -107088893 37247824
v 42509 -107087490 37248511
v 42510 -107082028 37251620
v 42707 -107080661 37252386
v 41684 -107078855 37253398
v 41590 -107077581 37254113
v 41592 -107076689 37254616
v 43607 -107073149 37256613
v 41581 -107072629 37256906
v 41582 -107069900 37258387
v 41563 -107068706 37258943
v 41564 -107064451 37261446
v 40859 -107057358 37265367
v 40860 -107052872 37267641
v 41472 -107052674 37267699
v 41437 -107048890 37268802
v 41438 -107045373 37269856
v 40613 -107044586 37270099
v 40614 -107043753 37270355
v 41160 -107043626 37270394
v 41161 -107043108 37270554
v 42142 -107043020 37270581
v 40554 -107042154 37270848
v 40555 -107041955 37270909
v 40596 -107041787 37270961
v 40597 -107041129 37271164
v 40696 -107040356 37271484
v 40695 -107039880 37271683
v 43506 -107039461 37271859
v 43505 -107038990 37272056
v 43931 -107037406 37272719
v 43322 -107036873 37272903
v 43321 -107036318 37273094
v 43462 -107035045 37273206
v 43458 -107033076 37272289
v 43457 -107032700 37271915
v 41645 -107031755 37270978
v 41644 -107029217 37268598
v 41477 -107028629 37268128
v 41476 -107023376 37267108
v 41658 -107023070 37267114
v 41485 -107019959 37266945
v 41484 -107016962 37266419
v 41491 -107015645 37266350
v 41492 -107014213 37266304
v 41493 -107013886 37266310
v 41486 -107012953 37266326
v 41495 -107012580 37266326
v 41954 -107011579 37266326
v 41951 -107011514 37266368
v 41467 -107009630 37267583
v 41454 -107008283 37268567
v 41450 -107004847 37268840
v 41441 -107002355 37269068
v 41443 -107001710 37269118
v 41616 -106998483 37269401
v 40993 -106997338 37269443
v 40024 -106994794 37269479
v 40025 -106993885 37269575
v 39933 -106993706 37269594
v 39934 -106993004 37269940
v 40021 -106986045 37275753
v 40022 -106985211 37276492
v 39929 -106984547 37277082
v 39844 -106982971 37278833
v 39861 -106982457 37279486
v 39926 -106981721 37280576
v 39924 -106979968 37283378
v 39894 -106977639 37286923
v 39895 -106977583 37287003
v 39897 -106975160 37290360
v 39912 -106974290 37291919
v 40037 -106971434 37298801
v 39773 -106969560 37303292
v 39774 -106969463 37303557
v 40041 -106968653 37305781
v 39893 -106968550 37306064
v 39892 -106967778 37307735
v 39881 -106965459 37312473
v 39879 -106965430 37312862
v 39880 -106965356 37313115
v 39958 -106963447 37318875
v 39955 -106962758 37320865
v 39956 -106961925 37323078
v 40050 -106959933 37325265
v 39864 -106959646 37325566
v 39862 -106958214 37326894
v 39863 -106956123 37328914
v 39860 -106953114 37331884
v 39853 -106951308 37333418
v 39833 -106944144 37337470
v 39835 -106943725 37337641
v 39975 -106920115 37349321
v 39946 -106919629 37349993
v 39824 -106919147 37350676
v 39820 -106912723 37356191
v 39821 -106908881 37359498
v 43419 -106904756 37363957
v 39770 -106899272 37378313
v 39762 -106899204 37379383
v 39763 -106898891 37385311
v 39775 -106898213 37393866
v 303014 -106898126 37394935
v 303015 -106897629 37403979
v 302991 -106896778 37413713
v 302992 -106892040 37424828
v 303011 -106890975 37426906
v 303027 -106889372 37430849
v 302986 -106886004 37435545
v 302987 -106880189 37439305
v 303007 -106877740 37442221
v 303005 -106883212 37457243
v 303006 -106888523 37450552
v 303019 -106872312 37471824
v 303071 -106872079 37472358
v 303045 -106860654 37475919
v 303046 -106858261 37477960
v 303065 -106837369 37485654
v 303066 -106836275 37486210
v 303069 -106802108 37482911
v 303038 -106798465 37482531
v 303036 -106797533 37482431
v 303048 -106792467 37476709
v 303047 -106792853 37474625
v 303050 -106789258 37475010
v 303068 -106770189 37526869
v 303583 -106770249 37527383
v 303584 -106776818 37553574
v 303580 -106776818 37553982
v 303581 -106768994 37562562
v 303596 -106758139 37570797
v 303603 -106748413 37578094
v 303968 -106747062 37578699
v 304028 -106741964 37582465
v 303638 -106736738 37585709
v 303610 -106730781 37590507
v 303608 -106728023 37596733
v 303609 -106724323 37605234
v 303616 -106720294 37608343
v 303636 -106718370 37609325
v 303637 -106711091 37609861
v 380687 -106710881 37609898
v 380689 -106710078 37610038
v 380613 -106703203 37612143
v 380614 -106701967 37612898
v 381857 -106685535 37623254
v 381860 -106671101 37637077
v 378940 -106664991 37641884
v 378937 -106658533 37649248
v 378938 -106654548 37653192
v 378484 -106654179 37653578
v 378470 -106654098 37653664
v 378469 -106653196 37654632
v 378467 -106652367 37655901
v 378468 -106650478 37659422
v 378926 -106647962 37662955
v 378925 -106647464 37663462
v 378924 -106647276 37663653
v 378970 -106647137 37663795
v 378973 -106646872 37664032
v 378971 -106646579 37664295
v 381763 -106646070 37664990
v 381762 -106645451 37665835
v 380085 -106645088 37666331
v 380084 -106644489 37667125
v 378965 -106644292 37667386
v 378961 -106643576 37668032
v 378917 -106642662 37668615
v 378975 -106640760 37669384
v 378976 -106638917 37669544
v 378920 -106635592 37670019
v 378911 -106633765 37670280
v 378910 -106631890 37670548
v 378908 -106629888 37670805
v 378909 -106629759 37670822
v 378914 -106628562 37670979
v 378957 -106627289 37671199
v 378955 -106625633 37671538
v 378956 -106624097 37671880
v 379276 -106623412 37672019
v 379275 -106621025 37672602
v 379273 -106620533 37672707
v 379272 -106618162 37673232
v 379271 -106617364 37673392
v 379268 -106616943 37673476
v 379267 -106616432 37673577
v 379266 -106615901 37673681
v 381782 -106615663 37673728
v 379269 -106614265 37674003
v 379270 -106614106 37674073
v 379350 -106611263 37674766
v 379355 -106610986 37674834
v 379356 -106609628 37675165
v 379349 -106607815 37675580
v 379298 -106607468 37675660
v 379299 -106607262 37675707
v 379300 -106604667 37676301
v 379301 -106603795 37676520
v 381897 -106602092 37676876
v 381896 -106600667 37677173
v 381898 -106593879 37676843
v 381899 -106592869 37676720
v 379346 -106592430 37676663
v 379256 -106590913 37676392
v 378841 -106585384 37676141
v 378840 -106583205 37676135
v 379262 -106580321 37676126
v 379263 -106573125 37676107
v 379255 -106571860 37676107
v 379254 -106571801 37676107
v 378998 -106571666 37676108
v 378999 -106571277 37676107
v 379253 -106570545 37676107
v 378659 -106570246 37676146
v 378656 -106569232 37676299
v 378907 -106567101 37676608
v 379240 -106561507 37677451
v 379239 -106558747 37677860
v 379237 -106555349 37678364
v 379235 -106550763 37678954
v 379203 -106549611 37679183
v 379202 -106548495 37679371
v 379210 -106544434 37679599
v 379209 -106538876 37679896
v 379218 -106519004 37680691
v 379103 -106514943 37680324
v 379102 -106505499 37678717
v 379129 -106502287 37678215
v 379244 -106501450 37678071
v 379242 -106499924 37677843
v 379497 -106496727 37677387
v 379496 -106490478 37677253
v 379506 -106479679 37677166
v 379505 -106479535 37677166
v 379504 -106477309 37677163
v 379503 -106468743 37677151
v 379502 -106463916 37677144
v 379501 -106462664 37677142
v 379500 -106459767 37677138
v 379510 -106455747 37677057
v 379511 -106454134 37677035
v 379514 -106451091 37677016
v 379513 -106446761 37676990
v 379515 -106445240 37676968
v 379516 -106432707 37676624
v 379522 -106430352 37676346
v 379540 -106428301 37676052
v 379539 -106414368 37673452
v 379538 -106412002 37673096
v 379537 -106411795 37673079
v 379536 -106411195 37673028
v 379534 -106409410 37673027
v 379535 -106408152 37673158
v 379559 -106405033 37673484
v 379558 -106397059 37674749
v 379557 -106395801 37674937
v 379549 -106394174 37675181
v 379547 -106391237 37675562
v 379548 -106389537 37675928
v 379528 -106385937 37676430
v 379529 -106385786 37676454
v 379530 -106384184 37676714
v 379531 -106380025 37677388
v 379495 -106377563 37677787
v 379493 -106373972 37678393
v 379532 -106367832 37679326
v 379524 -106363576 37679610
v 379523 -106361732 37679450
v 379817 -106359612 37679306
v 379816 -106358616 37679232
v 379863 -106357907 37679173
v 379866 -106357258 37679119
v 379865 -106356585 37679065
v 379870 -106355960 37679014
v 379869 -106355409 37678969
v 379874 -106354662 37678909
v 379873 -106353910 37678850
v 379881 -106353320 37678804
v 379880 -106352674 37678750
v 379885 -106351975 37678691
v 379851 -106351929 37679161
v 379814 -106351872 37679741
v 379789 -106351739 37680767
v 379788 -106351679 37681299
v 379774 -106351621 37681805
v 379757 -106351480 37682848
v 379747 -106351402 37683655
v 379745 -106351358 37683923
v 379751 -106351248 37684882
v 380173 -106351238 37684965
v 380165 -106351027 37685352
v 379691 -106350861 37685676
v 379690 -106350795 37685746
v 379630 -106343062 37691905
v 379628 -106340685 37693535
v 379721 -106334953 37697268
v 379708 -106334545 37697543
v 379709 -106332563 37698939
v 379696 -106324354 37704411
v 379681 -106323685 37704875
v 379675 -106314213 37711440
v 379674 -106302658 37719176
v 379665 -106302047 37719596
v 379381 -106282383 37732764
v 379382 -106281587 37733388
v 379649 -106281499 37733476
v 379650 -106281241 37733732
v 379651 -106271939 37739888
v 379641 -106259518 37747077
v 379639 -106256270 37748236
v 379652 -106253474 37748234
v 379647 -106250586 37748186
v 379646 -106240957 37748145
v 380232 -106231754 37748136
v 380231 -106222593 37748128
v 380229 -106204259 37748201
v 380228 -106185953 37748180
v 380224 -106176814 37748202
v 380225 -106167445 37748201
v 380226 -106159125 37748179
v 380218 -106158639 37748178
v 380217 -106158335 37748177
v 380216 -106149168 37748197
v 389721 -106149173 37748376
v 389503 -106149136 37755274
v 389474 -106149132 37755513
v 389475 -106149128 37755752
v 389458 -106149013 37762609
v 389443 -106148660 37777098
v 389444 -106148525 37784430
v 389424 -106148391 37791657
v 389425 -106148286 37798075
v 389401 -106148153 37806170
v 389384 -106147976 37814525
v 389379 -106147828 37820614
v 389380 -106147683 37832235
v 389485 -106147628 37834712
v 389368 -106147619 37835104
v 389369 -106146582 37862961
v 389342 -106146535 37864244
v 389339 -106146271 37871592
v 389033 -106145938 37893399
v 389012 -106145343 37922585
v 388994 -106145194 37930848
v 388985 -106145017 37937349
v 388986 -106144759 37952491
v 389053 -106144690 37956542
v 389054 -106144494 37960468
v 387935 -106144473 37961358
v 387936 -106144430 37963208
v 388966 -106144306 37966649
v 388952 -106143979 37981139
v 388951 -106143713 37991622
v 388944 -106143595 37995605
v 388945 -106143311 38000221
v 391645 -106142689 38007297
v 391647 -106142081 38021186
v 391632 -106142004 38036917
v 391631 -106142033 38037146
v 391630 -106142059 38041907
v 391623 -106142367 38058640
v 391624 -106142336 38063778
v 391665 -106142305 38068829
v 392573 -106142298 38070058
v 391662 -106142293 38070834
v 391660 -106142258 38076704
v 391611 -106142239 38079928
v 391612 -106142221 38082541
v 391692 -106142216 38083189
v 391600 -106142207 38084552
v 391582 -106142206 38085628
v 391571 -106142206 38086589
v 391552 -106142205 38087619
v 391553 -106142205 38088145
v 391540 -106142291 38088695
v 391541 -106141886 38088718
v 391534 -106140785 38088739
v 391533 -106139482 38088739
v 391535 -106138207 38088738
v 391529 -106136846 38088783
v 391526 -106136469 38088806
v 391525 -106135658 38089126
v 391523 -106135194 38089561
v 391524 -106135071 38089661
v 391701 -106134674 38089985
v 391515 -106127371 38094044
v 391516 -106117472 38095121
v 391737 -106109100 38095377
v 391735 -106098558 38095770
v 391734 -106096820 38095793
v 391732 -106084828 38096231
v 391731 -106075588 38096507
v 391729 -106068085 38096531
v 391730 -106058782 38097236
v 391728 -106054472 38099392
v 391717 -106050670 38101351
v 391718 -106050474 38101452
v 391719 -106036596 38109073
v 391720 -106032934 38110935
v 391812 -106026316 38114487
v 391094 -106003204 38127162
v 391095 -105994347 38131649
v 392126 -105994000 38131855
v 392127 -105990413 38133791
v 387498 -105987223 38135512
v 387499 -105975573 38141866
v 392080 -105971372 38144064
v 392081 -105961622 38149811
v 392060 -105945491 38168562
v 392050 -105943288 38172362
v 392051 -105942746 38173495
v 392043 -105940244 38185982
v 392042 -105940186 38187012
v 392032 -105940360 38188386
v 392023 -105941056 38195207
v 392025 -105941211 38196838
v 392193 -105941638 38201315
v 391996 -105942508 38210223
v 391987 -105943552 38220570
v 391988 -105943684 38221767
v 392189 -105946414 38244385
v 391968 -105946486 38244650
v 391889 -105947182 38245987
v 391884 -105947362 38246306
v 391885 -105947963 38247274
v 391964 -105948606 38248244
v 391886 -105949020 38248898
v 391887 -105949157 38249114
v 391938 -105949987 38250297
v 391906 -105950520 38251123
v 391905 -105951129 38251741
v 391900 -105952784 38254122
v 391897 -105956530 38258814
v 391872 -105972390 38278656
v 391870 -105972972 38279570
v 391866 -105975645 38282820
v 391858 -105987736 38298907
v 391860 -105993710 38307089
v 391855 -105994133 38307740
v 391856 -105994801 38308615
v 391853 -105994918 38308769
v 391854 -106000185 38316189
v 390527 -106006151 38324610
v 390524 -106015063 38336837
v 390523 -106015963 38338005
v 390517 -106021219 38345217
v 390518 -106028554 38355370
v 390507 -106031705 38359732
v 390496 -106038855 38369622
v 390497 -106039240 38370103
v 390157 -106044375 38375621
v 390155 -106048502 38380039
v 390156 -106050182 38381752
v 390152 -106051293 38382992
v 390150 -106053038 38384755
v 390145 -106054986 38387021
v 390139 -106059755 38392949
v 390140 -106064916 38396901
v 390132 -106065339 38397298
v 390117 -106067609 38404966
v 390119 -106074777 38416003
v 390100 -106077938 38417783
v 390096 -106079916 38418767
v 390097 -106087489 38422001
v 66604 -106088130 38422280
v 66605 -106090392 38424849
v 66587 -106090804 38428549
v 66575 -106091703 38428767
v 66577 -106097766 38429050
v 66559 -106101717 38436020
v 66560 -106105919 38446407
v 66588 -106106525 38447279
v 66583 -106106852 38447861
v 66556 -106106962 38448057
v 66557 -106106760 38449342
v 66598 -106098445 38459671
v 66553 -106091168 38472210
v 66552 -106088200 38477223
v 66548 -106084419 38490889
v 66549 -106081878 38503204
v 70103 -106081769 38503436
v 70104 -106078883 38506801
v 70272 -106077867 38507763
v 70079 -106076965 38508930
v 70080 -106076653 38510394
v 70070 -106076557 38511311
v 70066 -106076528 38512089
v 70058 -106076528 38512364
v 70054 -106076528 38512753
v 70040 -106076470 38513325
v 70027 -106076441 38514584
v 70018 -106076616 38515980
v 70019 -106077107 38516959
v 69998 -106077491 38517994
v 69990 -106079327 38520100
v 69987 -106079414 38520764
v 69979 -106079443 38521153
v 69964 -106079531 38521839
v 69965 -106079609 38522486
v 69954 -106079735 38523533
v 69955 -106079614 38524342
v 70193 -106079578 38529278
v 70262 -106079561 38531700
v 69815 -106079534 38535573
v 69816 -106079508 38542202
v 69762 -106079507 38542645
v 69752 -106079478 38543698
v 69753 -106079464 38544550
v 69734 -106079420 38547223
v 67300 -106079427 38547618
v 67301 -106079436 38548084
v 70256 -106082620 38552763
v 71041 -106083058 38554637
v 71042 -106082824 38555783
v 71079 -106082274 38557739
v 69677 -106081406 38560933
v 69678 -106079824 38569582
v 69485 -106079893 38569974
v 69664 -106081469 38577481
v 69659 -106081732 38578626
v 69660 -106082656 38582870
v 70150 -106082907 38584023
v 69649 -106083688 38587392
v 69650 -106083841 38588099
v 70141 -106084522 38594352
v 69642 -106084187 38596958
v 69643 -106083210 38600130
v 69638 -106083080 38600552
v 69640 -106081917 38605657
v 69621 -106081215 38608448
v 69614 -106079642 38615590
v 69610 -106078826 38618428
v 69608 -106078709 38618886
v 69609 -106078645 38619137
v 70131 -106078592 38619349
v 70130 -106077655 38623067
v 69606 -106077485 38624105
v 69607 -106077347 38624946
v 69147 -106077621 38627662
v 69148 -106078053 38629035
v 69116 -106079732 38633953
v 69117 -106080537 38635521
v 69110 -106082388 38638851
v 69111 -106082535 38639517
v 69145 -106082721 38640359
v 69108 -106082797 38640705
v 69105 -106083236 38643154
v 69103 -106083382 38644046
v 69104 -106084698 38650258
v 69142 -106088963 38665128
v 69138 -106089205 38665899
v 69135 -106089574 38667071
v 69082 -106091215 38672701
v 69076 -106091887 38675195
v 69073 -106092093 38677690
v 69067 -106092122 38678972
v 69068 -106092118 38679042
v 69063 -106092036 38681054
v 69064 -106092021 38681305
v 69057 -106091949 38682588
v 69058 -106091945 38682640
v 69055 -106091833 38684236
v 69056 -106090991 38688391
v 69051 -106090055 38693872
v 69053 -106090056 38696570
v 69038 -106091346 38708108
v 69039 -106091775 38709798
v 69129 -106091785 38710742
v 69184 -106089020 38715133
v 69185 -106088508 38715768
v 69025 -106085685 38722964
v 69026 -106085614 38735149
v 69010 -106084842 38737727
v 69007 -106083879 38740016
v 69008 -106083594 38740296
v 69123 -106082887 38741760
v 68984 -106081718 38744182
v 68972 -106081075 38746036
v 68595 -106082127 38754102
v 68591 -106085665 38757763
v 68592 -106091056 38762491
v 67335 -106091286 38762669
v 67334 -106092467 38763480
v 68182 -106095981 38765755
v 68574 -106096074 38765817
v 68570 -106096191 38765909
v 68575 -106101971 38769527
v 70697 -106104106 38771051
v 68634 -106104202 38771160
v 68635 -106105202 38772301
v 70698 -106105954 38773606
v 70699 -106106920 38776290
v 68629 -106108186 38778905
v 68556 -106108596 38779248
v 68557 -106109766 38780140
v 68628 -106113699 38790416
v 68527 -106114074 38794739
v 68528 -106114061 38795435
v 68625 -106114020 38797718
v 70621 -106113999 38801307
v 68622 -106114347 38803907
v 68623 -106115728 38808049
v 68512 -106116191 38809730
v 68514 -106114815 38810074
v 68644 -106113850 38810358
v 68503 -106109670 38811587
v 68501 -106108939 38811816
v 68502 -106104245 38813215
v 68621 -106103728 38813369
v 68633 -106103426 38813459
v 68489 -106103177 38813534
v 68490 -106100495 38814321
v 68485 -106099580 38814589
v 68487 -106097889 38815058
v 68479 -106092705 38815643
v 68478 -106091359 38815300
v 68482 -106085332 38814913
v 68471 -106079658 38816722
v 68472 -106079312 38816827
v 68614 -106063511 38820915
v 68615 -106061400 38821629
v 68613 -106058726 38822657
v 68430 -106054351 38825260
v 68428 -106052069 38826404
v 67505 -106046100 38826701
v 68424 -106023036 38834485
v 68419 -106022659 38834821
v 68421 -106013027 38840901
v 68408 -106012355 38841180
v 68410 -106010686 38841568
v 68411 -105999922 38841069
v 66660 -105986191 38858186
v 66659 -105986221 38858781
v 66654 -105984915 38874580
v 66641 -105980928 38907088
v 66642 -105980363 38907275
v 66644 -105975214 38910133
v 343759 -105968449 38920661
v 343760 -105966861 38929172
v 343744 -105963419 38947098
v 343746 -105962703 38950736
v 343738 -105962162 38953484
v 343740 -105962124 38953693
v 343736 -105960494 38962662
v 343737 -105958674 38978354
v 343802 -105959024 38983267
v 343710 -105959182 38985618
v 342272 -105963819 39000735
v 342271 -105969690 39008584
v 342270 -105974978 39025175
v 342268 -105974979 39025861
v 342269 -105974697 39032925
v 342267 -105974602 39034696
v 342234 -105974340 39037923
v 342224 -105975994 39056026
v 342264 -105974328 39070469
v 342265 -105974204 39071993
v 342263 -105978917 39085205
v 342262 -105986382 39093831
v 342260 -105990239 39105295
v 342261 -105990734 39107933
v 342258 -105991773 39114060
v 342259 -105991909 39114703
v 342300 -105993417 39123146
v 340948 -105994781 39130484
v 340963 -105999179 39153550
v 340964 -106002068 39168382
v 346890 -106001324 39172758
v 341073 -106000149 39177564
v 341039 -105998839 39182966
v 340965 -105998502 39184379
v 340966 -105998097 39186227
v 348529 -105996651 39192999
v 340967 -105996218 39195800
v 340968 -105995165 39203101
v 340969 -105994903 39206168
v 340913 -105994757 39208182
v 340980 -105994623 39210350
v 340981 -105994554 39211478
v 340982 -105994321 39214773
v 340983 -105994289 39215071
v 340984 -105994176 39216170
v 340985 -105994176 39216670
v 340986 -105994176 39216787
v 340987 -105993998 39219120
v 341025 -105993862 39220428
v 340970 -105993650 39221296
v 340971 -105993004 39222464
v 340895 -105992855 39222670
v 340972 -105991945 39224043
v 341087 -105991248 39225104
v 347764 -105991032 39225433
v 348603 -105990200 39226700
v 349100 -105988912 39228663
v 340973 -105988684 39229011
v 340974 -105988298 39229580
v 341022 -105986740 39231882
v 340975 -105986126 39232789
v 340976 -105985408 39233894
v 340977 -105978803 39238833
v 340978 -105973682 39242173
v 341020 -105967266 39246357
v 340979 -105964063 39249090
v 340251 -105963503 39252724
v 340250 -105956854 39267006
v 340248 -105956471 39267785
v 340249 -105955009 39269435
v 340246 -105946433 39276322
v 340247 -105944863 39276303
v 340244 -105927235 39276986
v 340245 -105925491 39277330
v 340268 -105922620 39277896
v 340242 -105921668 39278084
v 340243 -105914159 39283584
v 340241 -105913568 39284765
v 340239 -105907352 39290965
v 340240 -105903572 39294490
v 340269 -105902426 39295558
v 340238 -105902372 39295610
v 340236 -105901547 39296296
v 340237 -105895196 39300334
v 340235 -105894003 39301626
v 340233 -105885660 39311441
v 340234 -105884817 39312396
v 340231 -105881561 39316085
v 340232 -105870509 39328763
v 340486 -105867862 39331820
v 340480 -105867103 39332457
v 340481 -105866699 39332795
v 340319 -105852708 39340351
v 340415 -105852505 39340451
v 340414 -105845725 39343809
v 340412 -105843043 39345160
v 340413 -105842708 39345324
v 340482 -105831776 39350711
v 340410 -105822737 39355165
v 340411 -105818875 39357568
v 340308 -105814954 39362672
v 340408 -105814276 39363885
v 340409 -105806967 39371641
v 339739 -105802716 39375291
v 339675 -105801978 39375825
v 339671 -105800504 39377221
v 339685 -105800209 39377518
v 339669 -105799943 39377701
v 339684 -105799422 39378152
v 339683 -105798911 39378594
v 339681 -105787080 39391568
v 339682 -105782982 39398312
v 339730 -105780795 39401910
v 339731 -105754664 39404269
v 346674 -105755477 39406846
v 339661 -105758159 39412500
v 339680 -105762435 39417137
v 339729 -105760678 39432171
v 339679 -105759825 39432778
v 339678 -105758556 39433532
v 339676 -105757906 39433898
v 339677 -105752184 39438440
v 339757 -105751625 39438987
v 339758 -105747763 39442093
v 339799 -105747184 39442200
v 339800 -105745828 39442452
v 339801 -105732540 39448856
v 339695 -105725099 39455013
v 339696 -105722849 39456393
v 339796 -105722131 39456549
v 339786 -105721540 39456678
v 339813 -105721154 39456714
v 339828 -105681127 39461131
v 339794 -105664084 39459916
v 339783 -105663646 39459869
v 339782 -105662729 39459770
v 339830 -105659293 39458663
v 339832 -105648383 39455921
v 339834 -105646763 39455739
v 339833 -105642655 39455279
v 339798 -105640686 39454790
v 339797 -105640505 39454726
v 339807 -105638526 39453586
v 339785 -105636987 39452049
v 339784 -105633833 39449096
v 339841 -105632523 39448941
v 340121 -105629954 39448739
v 340106 -105615946 39446446
v 340105 -105613938 39445915
v 339913 -105611296 39444035
v 339912 -105609576 39443332
v 339914 -105607383 39442309
v 339887 -105603495 39441617
v 348627 -105594647 39437657
v 340092 -105593913 39437405
v 340091 -105593457 39437249
v 340088 -105588465 39435327
v 340086 -105581584 39433093
v 339975 -105579859 39432646
v 339974 -105579151 39432415
v 339917 -105572660 39429335
v 339891 -105566037 39427343
v 339976 -105565447 39427059
v 339919 -105564809 39426814
v 339918 -105563381 39426176
v 340079 -105561901 39425638
v 340054 -105560154 39424931
v 340053 -105558286 39424175
v 339921 -105557008 39423658
v 339920 -105556417 39423338
v 339923 -105554732 39422252
v 339922 -105550929 39420019
v 348690 -105550533 39419891
v 339925 -105550052 39419626
v 339924 -105549808 39419492
v 339899 -105546031 39419217
v 339926 -105543189 39419792
v 339971 -105538299 39420875
v 348972 -105526542 39418192
v 348045 -105526236 39417778
v 339928 -105525921 39417289
v 339927 -105519478 39414176
v 340143 -105513511 39413425
v 339930 -105502942 39411302
v 339929 -105501511 39410804
v 339931 -105496360 39410551
v 347253 -105494560 39410851
v 347254 -105491274 39407433
v 347257 -105487340 39407110
v 347263 -105481046 39406885
v 347262 -105478346 39406323
v 347282 -105476555 39405689
v 347288 -105476255 39405689
v 347291 -105475227 39405463
v 347298 -105474202 39405685
v 347294 -105474454 39407789
v 347295 -105474311 39408989
v 347296 -105473864 39410434
v 347273 -105474300 39415525
v 347277 -105474199 39415891
v 347276 -105473797 39417176
v 347274 -105472553 39422029
v 347371 -105469539 39425657
v 347370 -105469292 39426754
v 347375 -105468236 39429249
v 347374 -105468166 39429379
v 347380 -105465614 39433526
v 347381 -105463954 39435489
v 347382 -105463239 39435745
v 347367 -105459054 39436789
v 347401 -105455454 39437491
v 340213 -105454048 39437898
v 347402 -105450756 39439790
v 340037 -105450362 39440052
v 347403 -105448814 39441000
v 347405 -105447533 39441849
v 347436 -105446135 39442844
v 347437 -105445656 39443234
v 347438 -105444700 39444095
v 347429 -105443373 39445126
v 347427 -105439933 39452283
v 347423 -105437805 39454968
v 347424 -105437626 39455270
v 347425 -105437552 39455346
v 347426 -105436912 39455250
v 347431 -105425354 39452144
v 347435 -105425168 39452112
v 347828 -105424436 39452035
v 347433 -105421935 39453186
v 347515 -105418118 39455794
v 340048 -105416352 39457388
v 347516 -105411703 39458687
v 347518 -105411616 39458721
v 347517 -105409952 39460888
v 347509 -105409528 39461155
v 347520 -105408350 39461521
v 347521 -105405958 39462181
v 347522 -105400477 39462405
v 347523 -105400120 39462542
v 208449 -105398552 39463488
v 208450 -105398152 39463788
v 208422 -105397327 39464770
v 208407 -105396151 39465888
v 208406 -105395251 39466088
v 208405 -105394251 39466288
v 208415 -105391505 39466999
v 208477 -105390599 39467127
v 208562 -105389608 39466901
v 208561 -105386051 39466088
v 208560 -105379551 39468588
v 208559 -105377557 39469851
v 208558 -105377024 39470206
v 208557 -105375551 39471188
v 208556 -105373644 39476495
v 208554 -105372116 39477033
v 208391 -105370151 39479388
v 208369 -105367824 39479642
v 208370 -105363597 39483985
v 208378 -105360355 39487038
v 208379 -105354602 39489535
v 208380 -105345230 39492157
v 208381 -105338240 39495702
v 208382 -105336466 39496134
v 206478 -105333846 39498163
v 206477 -105333214 39499026
v 208645 -105332738 39499596
v 208646 -105331190 39500725
v 208710 -105328399 39501519
v 208711 -105327240 39501673
v 208708 -105325162 39501755
v 208668 -105324913 39501766
v 208667 -105324417 39501812
v 208702 -105321435 39502607
v 208698 -105310080 39507535
v 208872 -105306386 39512132
v 208635 -105306148 39514088
v 208082 -105305552 39515211
v 208081 -105305075 39518154
v 208116 -105305595 39519951
v 208117 -105305948 39520688
v 208125 -105306278 39522978
v 208124 -105306903 39525259
v 208123 -105304518 39531927
v 208122 -105304448 39533388
v 208119 -105303779 39535480
v 208118 -105302857 39537018
v 208153 -105301280 39538068
v 208152 -105297360 39540963
v 207832 -105294983 39542317
v 207831 -105291271 39542795
v 207830 -105282847 39543888
v 208067 -105270747 39546288
v 208068 -105266145 39548020
v 208069 -105264667 39548473
v 208070 -105263347 39548588
v 208071 -105259046 39546988
v 208064 -105258646 39546888
v 219746 -105254946 39548888
v 219747 -105248246 39550988
v 219759 -105247246 39551788
v 219758 -105246729 39552305
v 219757 -105245146 39553888
v 228703 -105239746 39556688
v 219665 -105239446 39558788
v 219659 -105238646 39567188
v 219658 -105238822 39575760
v 208223 -105237352 39576688
v 208224 -105231478 39580655
v 208039 -105230218 39581459
v 208038 -105228157 39582684
v 208037 -105221820 39586227
v 208036 -105222345 39591388
v 219739 -105222745 39592288
v 219738 -105226145 39598387
v 219741 -105228377 39601310
v 219058 -105229045 39602087
v 219057 -105229513 39605643
v 219059 -105231045 39611887
v 228744 -105232145 39615887
v 230020 -105230071 39616924
v 230013 -105228345 39619387
v 230012 -105227015 39619765
v 229413 -105223845 39618087
v 227923 -105221445 39618687
v 227922 -105220153 39618701
v 229412 -105218492 39618072
v 231325 -105201760 39620523
v 231324 -105194544 39622787
v 231314 -105194044 39623087
v 219853 -105193867 39623220
v 219852 -105192844 39623987
v 219472 -105188885 39625800
v 219471 -105178843 39628587
v 219491 -105174843 39631887
v 219510 -105174043 39632287
v 226841 -105172343 39633487
v 226840 -105169143 39635687
v 229100 -105168843 39635987
v 219528 -105168598 39636131
v 219529 -105167143 39636987
v 219486 -105167543 39637387
v 219484 -105167743 39637587
v 219485 -105179995 39646612
v 226845 -105180233 39646948
v 226846 -105181104 39648176
v 230328 -105181194 39648303
v 226831 -105182743 39650487
v 226830 -105183106 39651521
v 226833 -105183130 39651626
v 226832 -105183191 39651899
v 226835 -105183315 39652538
v 226839 -105183353 39652723
v 226822 -105183365 39652780
v 226821 -105183516 39654204
v 226820 -105183720 39656260
v 226825 -105182955 39660230
v 226819 -105184108 39661660
v 219453 -105186469 39666963
v 219452 -105189443 39676587
v 226817 -105189363 39678624
v 210799 -105189295 39679078
v 210798 -105188451 39681903
v 219621 -105188286 39687163
v 226203 -105187835 39692819
v 226204 -105192169 39708766
v 228970 -105192266 39709331
v 219165 -105192284 39709777
v 219166 -105192445 39710754
v 219167 -105192845 39711332
v 219112 -105194166 39712409
v 219113 -105192669 39714293
v 226936 -105192263 39714680
v 226934 -105191154 39716109
v 209876 -105189884 39717680
v 209875 -105187989 39719520
v 209877 -105187633 39719835
v 226698 -105185134 39721477
v 219212 -105184434 39721945
v 219155 -105183842 39722342
v 219154 -105180435 39724446
v 219153 -105179743 39724887
v 219196 -105178977 39725332
v 219223 -105178542 39725587
v 219228 -105177867 39726122
v 219200 -105177247 39726547
v 219198 -105176333 39727179
v 219229 -105175419 39727756
v 219265 -105174842 39728087
v 210790 -105174029 39728616
v 210784 -105170476 39730838
v 210783 -105170501 39731546
v 226705 -105170149 39731714
v 226706 -105168943 39732126
v 210715 -105168381 39732667
v 210714 -105168349 39732698
v 210792 -105166582 39734107
v 210757 -105165109 39735239
v 210756 -105162659 39737085
v 219003 -105159132 39739912
v 210646 -105155319 39743025
v 210645 -105152710 39745379
v 210644 -105151558 39746418
v 214685 -105150889 39747344
v 214676 -105145270 39754594
v 214675 -105144067 39756841
v 214667 -105144021 39756962
v 214666 -105143949 39757164
v 214635 -105143700 39757906
v 214526 -105143064 39761860
v 214527 -105143119 39765126
v 214528 -105143143 39767643
v 214529 -105143196 39772715
v 214508 -105143204 39773318
v 214509 -105143190 39773927
v 214541 -105143150 39775706
v 214539 -105142794 39776700
v 214540 -105142749 39776783
v 231194 -105142640 39776941
v 231193 -105142558 39777088
v 231195 -105141695 39778012
v 231196 -105141432 39778219
v 231197 -105141229 39778385
v 214535 -105140923 39778568
v 214536 -105140804 39778646
v 214537 -105140454 39778803
v 214538 -105139341 39779286
v 214569 -105137885 39779817
v 214285 -105137271 39780001
v 214283 -105135535 39780658
v 214265 -105134467 39781089
v 214264 -105130847 39782364
v 214279 -105129241 39782986
v 214278 -105127741 39783386
v 214310 -105126262 39783711
v 214314 -105121117 39784206
v 214396 -105114297 39784220
v 214424 -105112808 39784233
v 214437 -105109541 39784233
v 216084 -105106089 39784129
v 216085 -105100209 39783699
v 216157 -105094091 39783706
v 216147 -105090781 39783810
v 216896 -105087134 39784496
v 231298 -105086610 39784618
v 226486 -105086114 39784735
v 216858 -105084337 39785153
v 216857 -105082535 39785337
v 226479 -105082981 39785487
v 216856 -105081400 39785904
v 216891 -105081434 39786841
v 216887 -105079929 39785946
v 226485 -105081367 39785148
v 226483 -105080142 39785205
v 226482 -105079525 39785212
v 226484 -105075052 39785734
v 230957 -105072895 39785259
v 216902 -105072722 39785184
v 216901 -105072177 39784948
v 216870 -105070038 39784105
v 216869 -105062611 39783356
v 217077 -105060238 39783486
v 217092 -105054338 39783386
v 218616 -105053775 39783498
v 97517 -105053552 39783543
v 97515 -105053338 39783586
v 97602 -105052023 39783972
v 97571 -105050738 39784486
v 97570 -105043938 39783486
v 97618 -105034638 39783586
v 97684 -105032638 39783386
v 97683 -105027807 39784222
v 97682 -105027437 39784286
v 97723 -105025260 39784097
v 97694 -105024678 39783989
v 97693 -105022937 39783686
v 97759 -105018289 39783417
v 97758 -105016037 39783286
v 97777 -105011437 39783286
v 97778 -105008937 39783086
v 99344 -105006637 39783086
v 99348 -105003937 39783686
v 99351 -105002074 39783597
v 99350 -104999737 39782986
v 99349 -104998336 39782586
v 99360 -104998036 39782486
v 99417 -104997563 39782336
v 99416 -104997324 39782294
v 99449 -104995902 39781964
v 111069 -104994997 39781538
v 111067 -104991048 39780591
v 111068 -104990347 39780430
v 99894 -104989658 39780290
v 99895 -104988683 39780153
v 111072 -104988353 39780113
v 99893 -104988264 39780102
v 99443 -104987320 39779976
v 99444 -104987016 39779950
v 99892 -104986742 39779939
v 99896 -104985986 39779889
v 100474 -104985936 39779886
v 99905 -104981436 39779886
v 99901 -104980936 39779886
v 99902 -104979336 39779886
v 100471 -104977986 39779886
v 99543 -104976636 39779886
v 99544 -104975636 39779886
v 99554 -104971502 39780284
v 99553 -104970733 39780274
v 99551 -104970129 39780275
v 99576 -104969235 39780286
v 99577 -104967871 39780280
v 99580 -104966835 39780286
v 100647 -104965820 39780239
v 99597 -104964873 39780251
v 99606 -104964342 39780221
v 99605 -104963835 39780186
v 99603 -104962735 39780186
v 99618 -104962229 39780186
v 100639 -104961376 39780227
v 100640 -104960435 39780186
v 100631 -104959721 39780194
v 100688 -104959523 39780237
v 101473 -104958649 39780235
v 101474 -104957535 39780232
v 101303 -104957223 39780260
v 101301 -104956848 39780245
v 101302 -104956234 39780214
v 101309 -104955635 39780186
v 101292 -104955016 39780182
v 101291 -104954435 39780186
v 101369 -104953335 39780186
v 101368 -104952810 39780205
v 101362 -104952393 39780219
v 101361 -104950135 39780186
v 101515 -104948834 39780186
v 101516 -104947198 39780249
v 101532 -104946734 39780286
v 101388 -104946036 39780286
v 101371 -104945934 39780286
v 101372 -104944434 39780286
v 101399 -104942634 39780286
v 101398 -104941432 39780286
v 101397 -104940734 39780286
v 101694 -104940134 39780286
v 101695 -104938834 39780286
v 101417 -104938434 39780386
v 101418 -104937234 39780386
v 101730 -104931834 39780286
v 101457 -104922533 39778786
v 101456 -104913233 39778686
v 101450 -104908633 39778686
v 101451 -104907433 39778686
v 101466 -104906133 39778586
v 102896 -104904133 39778586
v 102849 -104901633 39778586
v 102848 -104900833 39778486
v 102846 -104899932 39778386
v 102847 -104897032 39778486
v 102850 -104894932 39777986
v 102958 -104889532 39777486
v 102956 -104884832 39777286
v 102851 -104874089 39776366
v 102852 -104866831 39775686
v 103318 -104866417 39775686
v 103319 -104866131 39775686
v 103323 -104864831 39775586
v 102877 -104862431 39775386
v 102878 -104851431 39774286
v 102898 -104847230 39774086
v 110483 -104842930 39773586
v 110475 -104840530 39773517
v 110474 -104832430 39773286
v 110473 -104830430 39773186
v 12099 -104828230 39773186
v 12097 -104825629 39773187
v 12098 -104824586 39772923
v 14638 -104821729 39772687
v 12117 -104814129 39771687
v 12116 -104810129 39771087
v 2093 -104806129 39770887
v 2094 -104795778 39767624
v 15273 -104793010 39766661
v 15274 -104792515 39766489
v 15268 -104791664 39766192
v 15269 -104791208 39766033
v 15272 -104789781 39765536
v 15266 -104787873 39764872
v 15267 -104780699 39762375
v 12486 -104774127 39760087
v 12485 -104772427 39759487
v 12584 -104771027 39758887
v 12585 -104770127 39758487
v 12586 -104768127 39757787
v 12588 -104753427 39752687
v 12611 -104752427 39752087
v 12623 -104750373 39750872
v 12625 -104747036 39748899
v 12780 -104738226 39743687
v 12779 -104734926 39742187
v 12786 -104730326 39740987
v 12785 -104728726 39740687
v 12783 -104725426 39740287
v 12784 -104718826 39740287
v 12832 -104716025 39740287
v 12833 -104713750 39740189
v 12830 -104710707 39740208
v 12828 -104678424 39739887
v 14251 -104672382 39739919
v 12850 -104665524 39739987
v 12848 -104660824 39739987
v 13248 -104659964 39739988
v 12821 -104657351 39739882
v 12819 -104653229 39739778
v 12820 -104646790 39739749
v 12825 -104644153 39739724
v 14247 -104642930 39739782
v 12927 -104640723 39739886
v 12928 -104636723 39739686
v 12953 -104635347 39739631
v 12954 -104634224 39739587
v 12971 -104633384 39739547
v 12973 -104632424 39739501
v 12972 -104622454 39739488
v 12793 -104616222 39739486
v 12792 -104612422 39739686
v 13010 -104611122 39739686
v 13012 -104610022 39739686
v 13014 -104608622 39739586
v 13017 -104607222 39739586
v 13019 -104605922 39739586
v 13006 -104604822 39739586
v 13005 -104603322 39739586
v 14585 -104603051 39739582
v 14582 -104583635 39739311
v 728 -104582454 39739297
v 727 -104565098 39739189
v 13033 -104564620 39739186
v 13032 -104545883 39738843
v 13031 -104529158 39738629
v 13046 -104526919 39738686
v 13047 -104524517 39738576
v 1631 -104507228 39738383
v 1632 -104488942 39737932
v 1637 -104481092 39737905
v 1640 -104470682 39737870
v 1641 -104457851 39737921
v 14046 -104452056 39737940
v 14045 -104451921 39737939
v 1967 -104436001 39737896
v 1966 -104433570 39737895
v 1960 -104433121 39737878
v 1961 -104432977 39737873
v 1965 -104432296 39737918
v 1964 -104430784 39737895
v 14195 -104420859 39737937
v 14193 -104418538 39737946
v 14194 -104414984 39737962
v 16846 -104414366 39737962
v 14192 -104414302 39737962
v 1974 -104414183 39737962
v 1973 -104414049 39737971
v 1972 -104413531 39738007
v 1971 -104411960 39737961
v 20369 -104406862 39737250
v 20361 -104405795 39737090
v 20362 -104404639 39736883
v 20355 -104393851 39735232
v 20353 -104376987 39732683
v 20372 -104363369 39733334
v 20519 -104330620 39734666
v 20529 -104327804 39734575
v 20528 -104327033 39734552
v 20527 -104326292 39734483
v 20532 -104325610 39734392
v 20531 -104324958 39734392
v 20526 -104323417 39734255
v 20525 -104319599 39734071
v 20578 -104315533 39733738
v 20730 -104299747 39731133
v 20507 -104286649 39729841
v 20505 -104284205 39730062
v 20497 -104283866 39730064
v 20496 -104246896 39722201
v 20774 -104239585 39720302
v 21027 -104239204 39720203
v 20750 -104229991 39717810
v 20749 -104227453 39717151
v 20789 -104222148 39715871
v 20790 -104221734 39716398
v 20748 -104221615 39716558
v 20747 -104221141 39717313
v 20763 -104216433 39724866
v 20762 -104209738 39735189
v 1887 -104204345 39739172
v 1886 -104190828 39739333
v 1885 -104171828 39739446
v 1884 -104152945 39739624
v 1891 -104145965 39739681
v 1889 -104141688 39739715
v 1890 -104134212 39739777
v 1922 -104128228 39739782
v 1920 -104116394 39739916
v 1921 -104114415 39739944
v 1916 -104104472 39739998
v 1917 -104100240 39739989
v 2020 -104096256 39740004
v 2018 -104093719 39740014
v 2019 -104087323 39740052
v 2060 -104078039 39740108
v 2063 -104071038 39740108
v 2061 -104068080 39740109
v 2064 -104066527 39740108
v 14900 -104062807 39740108
v 1951 -104060072 39740108
v 1952 -104050930 39740107
v 2016 -104040632 39740106
v 2012 -104040217 39740106
v 2013 -104035454 39740184
v 2015 -104031235 39740195
v 2055 -104026713 39740194
v 2054 -104025249 39740208
v 2053 -104021810 39740261
v 1953 -104020980 39740261
v 1954 -104012732 39740305
v 13270 -104009123 39740324
v 2014 -104002898 39740321
v 462 -104001732 39741395
v 463 -104001020 39754423
v 460 -104000511 39767695
v 455 -104000151 39774505
v 453 -104000033 39778269
v 454 -103999881 39782473
v 435 -103999812 39785145
v 436 -103999193 39811407
v 2618 -103999056 39825229
v 2617 -103998998 39826007
v 408 -103999002 39826364
v 409 -103999025 39852518
v 115 -103999051 39854888
v 116 -103999241 39869304
v 113 -103999339 39878484
v 114 -103999345 39884096
v 111 -103999506 39898536
v 96 -103996240 39898561
v 97 -103983136 39898577
v 101 -103980641 39898636
v 72 -103980576 39900147
v 73 -103979350 39928408
v 34 -103979269 39942939
v 35 -103978682 39957174
v 2 -103978333 39971957
